question,body,A,B,C,D,E,year,question_number,test,answer,language,answer_order
QUESTÃO 91,"A deficiência de lipase ácida lisossômica é uma doença hereditária associada a um gene do cromossomo 10. Os pais dos pacientes podem não saber que são portadores dos genes da doença até o nascimento do primeiro filho afetado. Quando ambos os progenitores são portadores, existe uma chance, em quatro, de que seu bebê possa nascer com essa doença. Essa é uma doença hereditária de caráter ",recessivo.,poligênico. ,polialélico.,codominante. ,dominante. ,2021,91,CN,A,portuguese,"['A', 'D', 'E', 'C', 'B']"
QUESTÃO 92,"O quadro lista alguns dispositivos eletrônicos que estão presentes no dia a dia, bem como a faixa de força eletromotriz necessária ao seu funcionamento. Descrição da imagem: Quadro com cinco dispositivos eletrônicos e suas respectivas faixas de força eletromotriz, em volt. Dispositivo 1 — relógio de parede: 1,2 a 1,5. Dispositivo 2 — celular: 3,5 a 3,8. Dispositivo 3 — câmera digital: 7,5 a 7,8. Dispositivo 4 — carrinho de controle remoto: 10,5 a 10,9. Dispositivo 5 — notebook / laptop: 19,5 a 20,0. Considere que uma bateria é construída pela associação em série de três pilhas de lítio-iodo, nas condições-padrão, conforme as semiequações de redução apresentadas. Descrição da imagem: Primeira semiequação: iodo mais 2 elétrons forma 2 iodo de carga negativa, com potencial de redução igual a mais 0,54 volt. Segunda semiequação: lítio de carga positiva mais 1 elétron forma lítio, com potencial de redução igual a menos 3,05 volts. Essa bateria é adequada para o funcionamento de qual dispositivo eletrônico?", 3, 5, 1, 4, 2,2021,92,CN,D,portuguese,"['C', 'E', 'A', 'D', 'B']"
QUESTÃO 93,"O alcoolômetro Gay Lussac é um instrumento destinado a medir o teor de álcool, em porcentagem de volume (v/v), de soluções de água e álcool na faixa de O grau GL a 100 graus GL, com divisões de 0,1 grau GL. A concepção do alcoolômetro se baseia no princípio de flutuabilidade de Arquimedes, semelhante ao funcionamento de um densímetro. A escala do instrumento é aferida a 20 graus Celsius, sendo necessária a correção da medida, caso a temperatura da solução não esteja na temperatura de aferição. É apresentada parte da tabela de correção de um alcoolômetro, com a temperatura. Descrição da imagem: Tabela que indica os valores da concentração de álcool em graus GL em função da temperatura para o intervalo de 20 a 25 graus Celsius. Na primeira linha: 35 graus GL a 20 graus Celsius; 34,6 graus GL a 21 graus Celsius; 34,2 graus GL a 22 graus Celsius; 33,8 graus GL a 23 graus Celsius; 33,4 graus GL a 24 graus Celsius; 33,0 graus GL a 25 graus Celsius. Na segunda linha: 36 graus GL a 20 graus Celsius; 35,6 graus GL a 21 graus Celsius; 35,2 graus GL a 22 graus Celsius; 34,8 graus GL a 23 graus Celsius; 34,4 graus GL a 24 graus Celsius; 34,0 graus GL a 25 graus Celsius. É necessária a correção da medida do instrumento, pois um aumento na temperatura promove o(a) ", aumento da concentração de álcool durante a medida., mudança do volume dos materiais por dilatação., aumento da dissociação da água., aumento da densidade da água e do álcool., alteração das propriedades químicas da mistura álcool e água.,2021,93,CN,B,portuguese,"['D', 'C', 'A', 'B', 'E']"
QUESTÃO 94,"Curagem é um método centenário empregado na conservação de alimentos. Um dos primeiros métodos utilizados na história foi a salga, em que o alimento é esfregado com sal ou mergulhado em solução salina saturada. Esse método visa preservar o alimento, evitando a proliferação de organismos decompositores. Qual dos métodos a seguir utiliza o mesmo princípio de preservação”?  ",Pasteurização de líquidos. ,Uso de vinagre na fabricação de vegetais em conservas. ,Adição de açúcar na fabricação de geleias e compotas. ,Embalagem a vácuo de alimentos sólidos. ,Congelamento de carnes.,2021,94,CN,C,portuguese,"['B', 'E', 'D', 'C', 'A']"
QUESTÃO 95,"Estudo aponta que a extinção de preguiças-gigantes, cuja base da dieta eram frutos e sementes, provocou impactos consideráveis na vegetação do Pantanal brasileiro. A flora, embora não tenha desaparecido, tornou-se menos abundante que no passado, além de ocupar áreas mais restritas. O OUVON enem2021 O evento descrito com a flora ocorreu em razão da redução", da quantidade de sementes por fruto., de fatores de disseminação das sementes. , do tamanho das plantas.,da produção de flores., dos hábitats disponíveis para as plantas.,2021,95,CN,B,portuguese,"['D', 'C', 'B', 'A', 'E']"
QUESTÃO 96,"Carros elétricos estão cada vez mais baratos, no entanto, os órgãos governamentais e a indústria se preocupam com o tempo de recarga das baterias, que é muito mais lento quando comparado ao tempo gasto para encher o tanque de combustível. Portanto, os usuários de transporte individual precisam se conscientizar dos ganhos ambientais dessa mudança e planejar com antecedência seus percursos, pensando em pausas necessárias para recargas. Após realizar um percurso de 110 quilômetros, um motorista pretende recarregar as baterias de seu carro elétrico, que tem um desempenho médio de 5,0 quilômetros por quilowatt-hora, usando um carregador ideal que opera a uma tensão de 220 volts e é percorrido por uma corrente de 20 amperes. VOOS enemo021 Quantas horas são necessárias para recarregar a energia utilizada nesse percurso? "," 0,125"," 5,0","0,005"," 8,0"," 2,5",2021,96,CN,B,portuguese,"['B', 'D', 'A', 'E', 'C']"
QUESTÃO 97,"Nas angiospermas, além da fertilização da oosfera, existe uma segunda fertilização que resulta num tecido triploide. Essa segunda fertilização foi importante evolutivamente, pois viabilizou a formação de um tecido de", proteção para o megagametófito.,revestimento para a semente., vascularização para a planta jovem., reserva para o embrião. , nutrição para o fruto.,2021,97,CN,D,portuguese,"['D', 'C', 'E', 'B', 'A']"
QUESTÃO 98,"Com o objetivo de proporcionar aroma e sabor a diversos alimentos, a indústria alimentícia se utiliza de flavorizantes. Em geral, essas substâncias são ésteres, como as apresentadas no quadro. Descrição da imagem: Quadro com os nomes, fórmulas e aromas de algumas substâncias, respectivamente. Benzoato de metila; CLH.CO,CH,; kiwi. Acetato de isoamila; CH.CO, (CH,) 2, CH (CH,) 2; banana. Acetato de benzila; CH,CO,CH.C,H,; pêssego. Propanoato de isobutila, CH,CH,CO,CH,CH (CH,) 2; rum. Antranilato de metila; CH NH,CO,CH,; uva. O aroma do flavorizante derivado do ácido etanoico e que apresenta cadeia carbônica saturada é de",uva.,banana.,kiwi.,rum.,pêssego.,2021,98,CN,B,portuguese,"['E', 'B', 'A', 'D', 'C']"
QUESTÃO 99,"Algumas usinas termelétricas convertem a energia térmica gerada da combustão do gás natural em energia elétrica. Seus componentes devem ser bastante resistentes à oxidação, à tração mecânica e à temperatura elevada, pois quanto maior a temperatura operacional, mais eficiente é a conversão de energia. Esses requisitos são cumpridos pelas ligas de níquel que suportam cerca de 1150 graus Celsius. Pesquisas em busca de ligas melhores destacam o nióbio, elemento químico de número atômico 41. Em sua forma pura, o nióbio é um metal macio, dúctil e de aspecto cinza brilhante, que lentamente se torna azulado quando exposto ao ar. O nióbio funde a 2468 graus Celsius, entra em ebulição a 4744 graus Celsius e conduz bem a eletricidade e o calor, porém em grau bem menor do que a prata e o cobre. A propriedade do nióbio, que o torna um promissor candidato para uso em futuras usinas termelétricas, é a",temperatura de ebulição.,resistência à oxidação.,temperatura de fusão.,condutividade térmica.,maciez.,2021,99,CN,C,portuguese,"['E', 'D', 'B', 'C', 'A']"
QUESTÃO 100,"Entre 2014 e 2016, as regiões central e oeste da África sofreram uma grave epidemia de febre hemorrágica causada pelo vírus ebola, que se manifesta em até 21 dias após a infecção e cuja taxa de letalidade (enfermos que vão a óbito) pode chegar a 90 por cento. Em regiões de clima tropical e subtropical, um outro vírus também pode causar febre hemorrágica: o vírus da dengue, que, embora tenha período de incubação menor (até 10 dias), apresenta taxa de letalidade abaixo de 1 por cento. Segundo as informações do texto e aplicando princípios de evolução biológica às relações do tipo patógeno- “hospedeiro, qual dos dois vírus infecta seres humanos há mais tempo? ","Ebola, cujos surtos epidêmicos concentram-se no continente africano, reconhecido como berço da origem evolutiva dos seres humanos.","Ebola, cuja alta letalidade indica maior eficiência do vírus em parasitar seus hospedeiros, estabelecida ao longo de sua evolução. "," Ebola, pois o maior período de incubação reflete duração mais longa do processo de coevolução patógeno-hospedeiro."," Dengue, pois o menor período de incubação reflete duração mais longa do processo de coevolução patógeno-hospedeiro.","Dengue, cuja baixa letalidade indica maior eficiência do vírus em parasitar seus hospedeiros, estabelecida ao longo da coevolução patógeno-hospedeiro.",2021,100,CN,E,portuguese,"['D', 'C', 'A', 'B', 'E']"
QUESTÃO 101,"A imagem apresenta as etapas do funcionamento de uma estação individual para tratamento do esgoto residencial. enemoZ1 Descrição da imagem: Figura intitulada Como funciona a estação individual, com as etapas de 1 a 6. Etapa 1: Caixa de gordura — retém os detritos da pia e cozinha, liberando a água quase isenta de gordura. Etapa 2: Caixa de passagem — recebe o que vem dos banheiros e lavanderia, reunindo todo o esgoto residencial. Etapa 3: Tanque séptico — aqui o esgoto deve ficar em repouso por um período relativamente maior que nas outras etapas. Etapa 4: Caixa de inspeção — facilita a distribuição dos efluentes. Etapa 5: Filtro biológico — aqui, colônias de bactérias consomem a matéria orgânica. Etapa 6: Cisterna — aqui, como etapa final, o sistema será tratado com cloro.  Em qual etapa decanta-se o lodo a ser separado do esgoto residencial? ",1,5,2,3,6,2021,101,CN,D,portuguese,"['A', 'D', 'B', 'C', 'E']"
QUESTÃO 102,"O plantio por estaquia é um método de propagação de plantas no qual partes de um espécime são colocadas no solo para produzir novas gerações. Na floricultura, é comum utilizar o caule das roseiras para estaquia, pois a propagação da planta é positiva em razão da aplicação de auxinas na porção inferior do caule. A utilização de auxinas no método de estaquia das roseiras contribui para ",floração da planta. , formação de folhas maiores. ,produção de gemas laterais.,produção de compostos energéticos. , formação de raízes adventícias.,2021,102,CN,E,portuguese,"['A', 'C', 'B', 'E', 'D']"
QUESTÃO 103,"A chuva ácida provoca a corrosão de monumentos e edificações, causa a morte de espécies animais e vegetais em ambientes aquáticos e terrestres e torna o solo impróprio para a agricultura. Surge na atmosfera de regiões poluídas, principalmente por meio da produção de ácido sulfúrico, pela combinação do gás trióxido de enxofre com a água presente nas nuvens. O gás precursor desse composto ácido é majoritariamente originado em qual atividade humana?",Alagamento de áreas florestais para construção de represas. , Queima de combustíveis fósseis para mobilidade urbana., Produção de fertilizantes para uso agrícola., Queima de tabaco para consumo humano. ,Queimadas em áreas silvestres para transformá-las em pastagens.,2021,103,CN,B,portuguese,"['B', 'C', 'D', 'E', 'A']"
QUESTÃO 104,"Analisando a ficha técnica de um automóvel popular, verificam-se algumas características em relação ao seu desempenho. Considerando o mesmo automóvel em duas versões, uma delas funcionando a álcool e outra, a gasolina, tem-se os dados apresentados no quadro, em relação ao desempenho de cada motor. enem2021 Descrição da imagem: Quadro com dois parâmetros, aceleração e velocidade máxima, e os seus valores no motor a gasolina e no motor a álcool, respectivamente. Aceleração: de O a 100 quilômetros por hora em 13,4 segundos e de O a 100 quilômetros por hora em 12,9 segundos. Velocidade máxima: 165 quilômetros por hora e 163 quilômetros por hora.  Considerando desprezível a resistência do ar, qual versão apresenta a maior potência?","Como ambas as versões apresentam a mesma variação de velocidade no cálculo da aceleração, a potência desenvolvida é a mesma. ","Como a versão a gasolina fica com o motortrabalhando por mais tempo para atingir os 100 quilômetros por hora, esta é a que desenvolve a maior potência. ","Como a versão a álcool apresenta a maior taxa de variação de energia cinética, esta é a que desenvolve a maior potência."," Como a versão a gasolina atinge o maior valor de energia cinética, esta é a que desenvolve a maior potência.","Como a versão a gasolina consegue a maior aceleração, esta é a que desenvolve a maior potência.",2021,104,CN,C,portuguese,"['D', 'E', 'C', 'B', 'A']"
QUESTÃO 105,"Na chocadeira elétrica de uma granja, há quatro lâmpadas incandescentes associadas em paralelo, ligadas em uma tomada de 127 volts. Quando em funcionamento, as lâmpadas esquentam e, consequentemente, mantêm os ovos aquecidos. Cada lâmpada tem a seguinte especificação: 25 watts e 127 volts. A intensidade da corrente elétrica, em miliampére, em cada lâmpada é mais próxima de ",197.,787.,"49,3. ","1,27.","5,08.",2021,105,CN,A,portuguese,"['D', 'E', 'C', 'A', 'B']"
QUESTÃO 106,"As adulterações do leite promovem o aumento do lucro por meio da adição de água. Para ocultar a sua diluição, diferentes solutos são acrescentados ao produto. Há também casos de adição de substâncias para evitar a proliferação de microrganismos ou disfarçar o sabor azedo do leite degradado. As fraudes têm sido desmascaradas por análises físico-químicas e, nestas, tem sido constatado o uso de substâncias tais como HO, (água oxigenada), H,CO (formol), NaOH (soda cáustica), C,,H,,O,, (sacarose) e (NH,) 2, CO (ureia). Dentre as substâncias usadas, qual é adicionada para ajustar o pH do leite degradado? ",(NH2)2CO,NaOH,H2CO,C12H22O11,H2O2,2021,106,CN,B,portuguese,"['E', 'C', 'B', 'D', 'A']"
QUESTÃO 107,"Considere a tirinha, na situação em que a temperatura do ambiente é inferior à temperatura corporal dos personagens. Descrição da imagem: Tirinha com os personagens Calvin e Haroldo em quatro quadrinhos. Quadrinho 1: Descendo uma ladeira, Haroldo empurra um carrinho em que Calvin está dentro. Calvin pergunta: “Tá quente hoje, né?”. Haroldo confirma: “É mesmo.”. Quadrinho 2: Calvin e Haroldo estão dentro do carrinho, descendo a ladeira em alta velocidade. Haroldo diz: “Mas o que me incomoda mesmo é a umidade.”. Quadrinho 3: O carrinho está no ar e Calvin pergunta: “Você não gosta de umidade?”. Haroldo responde: “Não mesmo.”. Quadrinho 4: O carrinho continua descendo, em direção a um lago. Calvin diz: “Então, salta correndo.”.  O incômodo mencionado pelo personagem da tirinha deve-se ao fato de que, em dias úmidos, ", a temperatura do vapor-d'água presente no ar é alta.,o suor apresenta maior dificuldade para evaporar do corpo., a taxa de absorção de radiação pelo corpo torna-se maior.,o vapor-d'água presente no ar condensa-se ao entrar em contato com a pele. ,o ar torna-se mau condutor e dificulta o processo de liberação de calor.,2021,107,CN,B,portuguese,"['A', 'B', 'C', 'E', 'D']"
QUESTÃO 108,"Durante quase três séculos, garimpeiros recorreram aos leitos dos rios em busca de ouro. A mineração gerou prosperidade e empregos, mas deixou em seu rastro a herança da contaminação dos rios pelo mercúrio. Metal líquido e pesado, o mercúrio é utilizado no processo de concentração do ouro, pois a mistura desses metais forma uma liga sólida metálica, que é aquecida para separação dos metais. Sabe-se que os pontos de fusão do mercúrio e do ouro são, respectivamente, menos 39 graus Celsius e 1 064 graus Celsius. Na obtenção de ouro, o processo usado para separação de mercúrio da liga sólida metálica é a sua",cristalização.,vaporização. ,catação. , filtração. ,centrifugação.,2021,108,CN,B,portuguese,"['D', 'C', 'A', 'B', 'E']"
QUESTÃO 109,"Com o aumento da população de suínos no Brasil, torna-se necessária a adoção de métodos para reduzir o potencial poluidor dos resíduos dessa agroindústria, uma vez que, comparativamente ao esgoto doméstico, os dejetos suínos são 200 vezes mais poluentes. Sendo assim, a utilização desses resíduos como matéria-prima na obtenção de combustíveis é uma alternativa que permite diversificar a matriz energética nacional, ao mesmo tempo em que parte dos recursos hídricos do país são preservados. O biocombustível a que se refere o texto é o ",etanol. ,metanol.,butano., biogás.,biodiesel. ,2021,109,CN,D,portuguese,"['A', 'D', 'C', 'B', 'E']"
QUESTÃO 110,"A curcumina, uma das substâncias que confere a cor alaranjada ao açafrão, pode auxiliar no combate à dengue quando adicionada à água de criadouros do mosquito transmissor. Essa substância acumula-se no intestino do inseto após ser ingerida com a água do criadouro e, quando ativada pela luz, induz a produção de espécies reativas de oxigênio que danificam de forma fatal o tecido do tubo digestório. enem2021 A forma de combate relatada tem como atividade o(a) ",repelência da forma transmissora da doença.,impedimento do desenvolvimento da larva. ,comprometimento da metamorfose. ,morte do indivíduo adulto. , redução da eclosão dos ovos. ,2021,110,CN,B,portuguese,"['E', 'D', 'C', 'A', 'B']"
QUESTÃO 111,"Na cidade de São Paulo, as ilhas de calor são responsáveis pela alteração da direção do fluxo da brisa marítima que deveria atingir a região de mananciais. Mas, ao cruzar a ilha de calor, a brisa marítima agora encontra um fluxo de ar vertical, que transfere para ela energia térmica absorvida das superfícies quentes da cidade, deslocando-a para altas altitudes. Dessa maneira, há condensação e chuvas fortes no centro da cidade, em vez de na região de mananciais. A imagem apresenta os três subsistemas que trocam energia nesse fenômeno. enemoZ1 Descrição da imagem: Ilustração de prédios em uma cidade, indicados como Ilha de calor. Na parte superior esquerda, está o Sol. Entre o Sol e a Ilha de calor, há uma Brisa marítima. A altitude da Brisa marítima se eleva ao adentrar a região sobre a Ilha de calor. AR NE alo No processo de fortes chuvas no centro da cidade de São Paulo, há dois mecanismos dominantes de transferência de calor: entre o Sole a ilha de calor, e entre a ilha de calor e a brisa marítima. Esses mecanismos são, respectivamente,",condução e irradiação. ,irradiação e irradiação. , convecção e convecção.,irradiação e convecção. ,convecção e irradiação. ,2021,111,CN,D,portuguese,"['C', 'B', 'E', 'A', 'D']"
QUESTÃO 112,"No seu estudo sobre a queda dos corpos, Aristóteles afirmava que se abandonarmos corpos leves e pesados de uma mesma altura, o mais pesado chegaria mais rápido ao solo. Essa ideia está apoiada em algo que é difícil de refutar, a observação direta da realidade baseada no senso comum. Após uma aula de física, dois colegas estavam discutindo sobre a queda dos corpos, e um tentava convencer o outro de que tinha razão: Colega A: “O corpo mais pesado cai mais rápido que um menos pesado, quando largado de uma mesma altura. Eu provo, largando uma pedra e uma rolha. A pedra chega antes. Pronto! Tá provado!”. Colega B: “Eu não acho! Peguei uma folha de papel esticado e deixei cair. Quando amassei, ela caiu mais rápido. Como isso é possível? Se era a mesma folha de papel, deveria cair do mesmo jeito. Tem que ter outra explicação!”. O aspecto físico comum que explica a diferença de comportamento dos corpos em queda nessa discussão é o(a)",densidade dos corpos.,resistência do ar.,peso dos corpos.,massa dos corpos.,aceleração da gravidade.,2021,112,CN,B,portuguese,"['D', 'B', 'A', 'C', 'E']"
QUESTÃO 113,"A obtenção de etanol utilizando a cana-de-açúcar envolve a fermentação dos monossacarídeos formadores da sacarose contida no melaço. Um desses formadores é a glicose (CH ,O,), cuja fermentação produz cerca de 50 gramas de etanol a partir de 100 gramas de glicose, conforme a equação química descrita. VOO enem202i Descrição da imagem: Equação química em que o reagente C,H ,O, é submetido à fermentação alcoólica e forma os produtos 2 CH,CH,OH mais 2 CO.. Em uma condição específica de fermentação, obtém-se 80 por cento de conversão em etanol que, após sua purificação, apresenta densidade igual a 0,80 grama por mililitro. O melaço utilizado apresentou 50 quilogramas de monossacarídeos na forma de glicose. O volume de etanol, em litro, obtido nesse processo é mais próximo de ",16. ,20., 25., 64. ,100. ,2021,113,CN,C,portuguese,"['A', 'B', 'C', 'D', 'E']"
QUESTÃO 114,"Com o objetivo de identificar a melhor espécie produtora de madeira para construção (com resistência mecânica e à degradação), foram analisadas as estruturas anatômicas de cinco espécies, conforme o quadro. Descrição da imagem: Quadro intitulado Tecido analisado, com dados dos tecidos vegetais de cinco espécies, classificados como: “ausente” ou “presente em pequena quantidade” ou “presente em média quantidade” ou “presente em grande quantidade”. Espécie 1: periderme presente em pequena quantidade, barra, esclerênquima presente em pequena quantidade; floema presente em pequena quantidade, barra, esclerênquima ausente; xilema alburno presente em pequena quantidade; xilema cerne presente em grande quantidade. Espécie 2: periderme presente em pequena quantidade, barra, esclerênquima ausente; floema presente em pequena quantidade, barra, esclerênquima ausente; xilema alburno presente em grande quantidade; xilema cerne ausente. Espécie 3: periderme presente em média quantidade, barra, esclerênquima ausente; floema presente em grande quantidade, barra, esclerênquima presente em pequena quantidade; xilema alburno presente em pequena quantidade; xilema cerne ausente. Espécie 4: periderme presente em grande quantidade, barra, esclerênquima presente em pequena quantidade; floema presente em grande quantidade, barra, esclerênquima ausente; xilema alburno presente em pequena quantidade; xilema cerne ausente. Espécie 5: periderme presente em grande quantidade, barra, esclerênquima presente em pequena quantidade; floema presente em grande quantidade, barra, esclerênquima presente em pequena quantidade; xilema alburno presente em média quantidade; xilema cerne presente em pequena quantidade. Qual espécie corresponde ao objetivo proposto”? ",5,3,2,4,1,2021,114,CN,E,portuguese,"['E', 'C', 'B', 'D', 'A']"
QUESTÃO 115,"As cinzas do vulcão Calbuco, que entrou em erupção no Chile em abril de 2015, chegaram ao estado do Paraná alguns dias depois. O fenômeno se parecia com nuvens esbranquiçadas e esparsas. As nuvens ainda continham dióxido de enxofre. No entanto, não houve riscos ao ambiente ou à saúde porque estavam bastante altas, a cerca de 10 mil metros de altitude. Meteorologistas afirmaram que se elas estivessem mais baixas seria prejudicial. Se essas nuvens estivessem baixas, qual seria o risco ambiental envolvido?   ",Fenômeno de inversão térmica.,O Diminuição da fotossíntese. ,Eutrofização dos corpos-d'água.,Ocorrência de chuva ácida.,Formação de ilhas de calor. ,2021,115,CN,D,portuguese,"['D', 'C', 'E', 'A', 'B']"
QUESTÃO 116,"TEXTO 1 No cordel intitulado Senhor dos Anéis, de autoria de Gonçalo Ferreira da Silva, lê-se a sextilha: A distância em relação Ão nosso planeta amado Pouco menos que a do Sol Ele está distanciado E menos denso que a água Quando no normal estado TEXTO 2 Descrição da imagem: Tabela intitulada Distâncias médias dos planetas ao Sol e suas densidades médias, com os planetas e suas respectivas distâncias médias ao Sol, em unidades astronômicas, e suas densidades relativas médias. Mercúrio: 0,39 e 5,6. Vênus: 0,/2 e 5,2. Terra: 1,0 e 5,5. Marte: 1,5 e 4,0. Ceres:2,8€e 2,1. Júpiter: 5,2 e 1,3. Saturno: 9,6 e 0,7. Urano: 19 e 1,2. Netuno: 30 e 1,7. Plutão: 40 e 2,0. Éris: 68 e 2,5. * 02112 5 LL AO x  No rodapé da tabela consta a informação: 1 unidade astronômica igual a 149,6 milhões de quilômetros. Há a indicação de que Mercúrio, Vênus, Terra, Marte, Júpiter, Saturno, Urano e Netuno são planetas clássicos e que Ceres, Plutão e Éris são planetas-anões. Considerando os versos da sextilha e as informações da tabela, a qual planeta o cordel faz referência?", Júpiter., Saturno.,Netuno.,Mercúrio., Urano.,2021,116,CN,B,portuguese,"['B', 'D', 'E', 'A', 'C']"
QUESTÃO 117,"Cientistas da Universidade de New South Wales, na Austrália, demonstraram em 2012 que a Lei de Ohm é válida mesmo para fios finíssimos, cuja área da seção reta compreende alguns poucos átomos. A tabela apresenta as áreas e comprimentos de alguns dos fios construídos (respectivamente com as mesmas unidades de medida). Considere que a resistividade mantém-se constante para todas as geometrias (uma aproximação confirmada pelo estudo). enemo021 Descrição da imagem: A tabela contém dados de área, comprimento e resistência elétrica de quatro fios. Fio 1: Área: 9; Comprimento: 312; Resistência elétrica: R1. Fio 2: Área: 4; Comprimento: 47; Resistência elétrica: R2. Fio 3: Área: 2: Comprimento: 54; Resistência elétrica: R3. Fio 4: Área: 1; Comprimento: 106; Resistência elétrica: R4. As resistências elétricas dos fios, em ordem crescente, são ",R4 menor que R1 menor que R3 menor que R2. , R1 menor que R2 menor que R3 menor que R4., R2 menor que R3 menor que R1 menor que R4. ,R4 menor que R3 menor que R2 menor que R1. ,R2 menor que R1 menor que R3 menor que R4. ,2021,117,CN,C,portuguese,"['D', 'A', 'C', 'E', 'B']"
QUESTÃO 118,"Organismos autótrofos e heterótrofos realizam processos complementares que associam os ciclos do carbono e do oxigênio. O carbono fixado pela energia luminosa ou a partir de compostos inorgânicos é eventualmente degradado pelos organismos, resultando em fontes de carbono como metano ou gás carbônico. Ainda, outros compostos orgânicos são catabolizados pelos seres, com menor rendimento energético, produzindo compostos secundários (subprodutos) que podem funcionar como combustíveis ambientais. enemo021 O processo metabólico associado à expressão combustíveis ambientais é a  3", fotossíntese. ,fermentação. ,respiração aeróbica.,quimiossintese., fosforilação oxidativa.  ,2021,118,CN,B,portuguese,"['A', 'B', 'C', 'D', 'E']"
QUESTÃO 119,"Um técnico analisou um lote de analgésicos que supostamente estava fora das especificações. A composição prevista era 100 miligramas de ácido acetilsalicílico por comprimido (princípio ativo, cuja estrutura está apresentada na figura), além do amido e da celulose (componentes inertes). O técnico realizou os seguintes testes: enem2021 1) obtenção da massa do comprimido; 2) medição da densidade do comprimido; 3) verificação do pH com papel indicador; 4) determinação da temperatura de fusão do comprimido; 5) titulação com solução aquosa de NaOH. Após a realização dos testes, o lote do medicamento foi reprovado porque a quantidade de ácido acetilsalicílico por comprimido foi de apenas 40 por cento da esperada. Descrição da imagem: Estrutura química do ácido acetilsalicílico: Anel aromático com grupos ligados aos carbonos 1 e 2. No carbono 1: C com ligação dupla ao O e ligação simples ao OH. No carbono 2: O com ligação simples ao C, que, por sua vez, está ligado a outro O, por meio de ligação dupla e ao CH,, por meio de ligação simples. O teste que permitiu reprovar o lote de analgésicos foi o de número ",4,5,3,1,2,2021,119,CN,B,portuguese,"['D', 'E', 'C', 'A', 'B']"
QUESTÃO 120,"O rompimento da barragem de rejeitos de mineração no município mineiro de Mariana e o derramamento de produtos tóxicos nas águas do Rio Doce, ocorridos em 2015, ainda têm consequências para os organismos que habitam o Parque Nacional Marinho de Abrolhos, localizado a mais de 1000 quilômetros de distância. Esse desastre ambiental afetou o fitoplâncton, as esponjas, as algas macroscópicas, os peixes herbívoros e os golfinhos. Concentrações mais elevadas dos compostos citados são encontradas em ",esponjas., fitoplâncton. ,peixes herbívoros.,golfinhos.,algas macroscópicas.,2021,120,CN,D,portuguese,"['A', 'C', 'D', 'B', 'E']"
QUESTÃO 121,"Duas esferas carregadas com cargas iguais em módulo e sinais contrários estão ligadas por uma haste rígida isolante na forma de haltere. O sistema se movimenta sob ação da gravidade numa região que tem um campo magnético horizontal uniforme B vetorial, da esquerda para a direita. A imagem apresenta o sistema visto de cima para baixo, no mesmo sentido da aceleração da gravidade g vetorial que atua na região. Descrição da imagem: Campo magnético uniforme B no plano da página, na direção horizontal e sentido da esquerda para a direita. O haltere está disposto na direção horizontal, alinhado com o campo magnético B. A esfera da esquerda possui carga positiva e a da direita carga negativa. A aceleração da gravidade é um vetor perpendicular ao plano da folha, com sentido entrando na página. Visto de cima, o diagrama esquemático das forças magnéticas que atuam no sistema, no momento inicial em que as cargas penetram na região de campo magnético, está representado em   ","A força sobre a carga positiva está no plano da página,
com sentido que aponta para o rodapé da página. A
força sobre a carga negativa está no plano da página,
com sentido que aponta para o cabeçalho da página. ","A força sobre a carga positiva está no plano da página,
com sentido que aponta para o cabeçalho da página.
A força sobre a carga negativa está no plano da página,
com sentido que aponta para o rodapé da página.","As duas forças estão no plano da página, com sentido que aponta para o cabeçalho da página","As duas forças estão no plano da página, ao longo do eixo do háltere, cada uma com sentido que aponta para a carga oposta","As duas forças estão no plano da página, com sentido que aponta para o rodapé da página",2021,121,CN,A,portuguese,"['A', 'E', 'D', 'C', 'B']"
QUESTÃO 122,"Uma escola iniciou o processo educativo para implantação da coleta seletiva e destino de materiais recicláveis. Para atingir seus objetivos, a instituição planejou: 1) sensibilizar a comunidade escolar, desenvolvendo atividades em sala e extraclasse de maneira contínua; 2) capacitar o pessoal responsável pela limpeza da escola quanto aos novos procedimentos adotados com a coleta seletiva; e 3) distribuir coletores de materiais recicláveis específicos nas salas, pátio e outros ambientes para acondicionamento dos resíduos. Para completar a ação proposta no ambiente escolar, o que falta ser inserido no planejamento?","Divulgar na rádio local, no jornal impresso e nas redes sociais que a escola está realizando a coleta seletiva. ",Organizar visitas ao lixão ou aterro local para identificar aspectos importantes sobre a disposição final do lixo.,Colocar recipientes coletores de lixo reciclável fora da escola para entrega voluntária pela população. ,Realizar campanhas educativas de sensibilização em bairros vizinhos para fortalecer a coleta seletiva.,Firmar parceria com a prefeitura ou cooperativa de catadores para recolhimento dos materiais recicláveis e destinação apropriada.,2021,122,CN,E,portuguese,"['D', 'C', 'E', 'A', 'B']"
QUESTÃO 123,"Os búfalos são animais considerados rústicos pelos criadores e, por isso, são deixados no campo sem controle reprodutivo. Por causa desse tipo de criação, a consanguinidade é favorecida, proporcionando o aparecimento de enfermidades, como o albinismo, defeitos cardíacos, entre outros. Separar os animais de forma adequada minimizaria a ocorrência desses problemas. enemo021 Qual procedimento biotecnológico prévio é recomendado nessa situação? ",Mapeamento genético.,Terapia gênica.    ,Vacina de DNA. ,Transgenia.,Clonagem terapêutica.,2021,123,CN,A,portuguese,"['E', 'B', 'C', 'A', 'D']"
QUESTÃO 124,"O ciclo do cobre é um experimento didático em que o cobre metálico é utilizado como reagente de partida. Após uma sequência de reações (1, 2,3, 4 e 5), 0 cobre retorna ao seu estado inicial ao final do ciclo. enemoZ1 Descrição da imagem: Ciclo do cobre com as etapas numeradas de 1 a 5. Etapa 1 - O cobre reage com HNO,, formando Cu (NO,) 2. Etapa 2 - O Cu (NO,) 2, reage com NaOH, formando Cu (OH) 2. Etapa 3 - O Cu (OH) 2, sofre aquecimento, formando CuoO. Etapa 4 - O CuO reage com H SO,, formando CuSO.. Etapa 5 - O CuSO, reage com Zn e HCl, formando cobre. A reação de redução do cobre ocorre na etapa ",2,3,5,1,4,2021,124,CN,C,portuguese,"['B', 'C', 'E', 'A', 'D']"
QUESTÃO 125,"Um dos exames clínicos mais tradicionais para medir a capacidade reflexa dos indivíduos é o exame do reflexo patelar. Esse exame consiste na estimulação da patela, um pequeno osso localizado na parte anterior da articulação do joelho, com um pequeno martelo. A resposta reflexa ao estímulo é caracterizada pelo levantamento da perna em que o estímulo foi aplicado. enem2021 Qual região específica do sistema nervoso coordena essa resposta? ",Cerebelo.,Neuro-hipófise. ,Medula. ,Ponte. ,Hipotálamo.,2021,125,CN,C,portuguese,"['C', 'E', 'B', 'A', 'D']"
QUESTÃO 126,"Na montagem de uma cozinha para um restaurante, a escolha do material correto para as panelas é importante, pois a panela que conduz mais calor é capaz de cozinhar os alimentos mais rapidamente e, com isso, há economia de gás. A taxa de condução do calor depende da condutividade k do material, de sua área A, da diferença de temperatura delta T maiúsculo e da espessura d do material, sendo dada pela relação fração de numerador delta Q maiúsculo e denominador delta t minúsculo é igual a k vezes A vezes fração de numerador delta T maiúsculo e denominador d. Em panelas com dois materiais, a taxa de condução é dada por fração de numerador delta Q maiúsculo e denominador delta t minúsculo é igual a A vezes fração de numerador delta T maiúsculo e denominador (fração de numerador df e denominador k1 somada à fração de numerador d2 e denominador k2) em que d1 e d2 são as espessuras dos dois materiais, e k1 e k2 são as condutividades de cada material. Os materiais mais comuns no mercado para panelas são o alumínio (k = 20 watts por metro por Kelvin), o ferro (k = 8 watts por metro por Kelvin) e o aço (k = 5 watts por metro por Kelvin) combinado com o cobre (k = 40 watts por metro por Kelvin). Compara-se uma panela de ferro, uma de alumínio e uma composta de metade da espessura em cobre e a outra metade da espessura em aço, todas com a mesma espessura total e com a mesma área de fundo. A ordem crescente da mais econômica para a menos econômica é ","cobre-aço, alumínio e ferro.","ferro, alumínio e cobre-aço. "," alumínio, ferro e cobre-aço. ","alumínio, cobre-aço e ferro. ","cobre-aço, ferro e alumínio.",2021,126,CN,D,portuguese,"['A', 'E', 'D', 'B', 'C']"
QUESTÃO 127,"O fogão por indução consiste de um sistema de bobinas que induz corrente elétrica nas panelas. A corrente elétrica, ao percorrer a panela, irá transferir calor, responsável pelo cozimento dos alimentos. Na figura, a bobina 1, conectada à rede de tensão alternada, representa o fogão, e a bobina 2, conectada ao amperímetro, representa a panela. É comum encontrar fogões por indução com potência de 6,6 quilowatis sob tensão de 220 volts cuja eficiência de conversão de energia elétrica em térmica é de 90 por cento. enem2021 Descrição da imagem: Ilustração de uma rede elétrica conectada à bobina 1. À direita, e com os eixos paralelos à bobina 1, está a bobina 2, conectada ao amperímetro. As áreas das bobinas 1 e 2 são iguais.  Durante o funcionamento do fogão por indução, a corrente elétrica na bobina 1 irá induzir uma corrente elétrica na bobina 2 mais próxima de",27 ampères,37 ampères,30 ampères,33 ampères,3 ampères,2021,127,CN,A,portuguese,"['B', 'E', 'C', 'D', 'A']"
QUESTÃO 128,"As plantas vasculares são compostas por três partes básicas: raiz, caule e folhas. A estrutura dessas partes pode variar entre as espécies, de acordo com adaptações específicas a diferentes modos de vida. Avicennia schaueriana é uma espécie de angiosperma caracterizada por apresentar pneumatóforos, caule liso e folhas com glândulas que expelem sal. A planta descrita está adaptada ao bioma ", Floresta Amazônica.,Floresta de Araucárias.,Cerrado. ,Caatinga. , Manguezal. ,2021,128,CN,E,portuguese,"['B', 'A', 'E', 'D', 'C']"
QUESTÃO 129,"Os pesticidas organoclorados foram amplamente empregados na agricultura, contudo, em razão das suas elevadas toxicidades e persistências no meio ambiente, eles foram banidos. Considere a aplicação de quinhentos gramas de um pesticida organoclorado em uma cultura e que, em certas condições, o tempo de meia-vida do pesticida no solo seja de 5 anos. A massa do pesticida no decorrer de 35 anos será mais próxima de"," 250,0 gramas.","125,0 gramas.","62,5 gramas. ","3,9 gramas."," 31,2 gramas. ",2021,129,CN,D,portuguese,"['E', 'D', 'C', 'A', 'B']"
QUESTÃO 130,"A sequência de nucleotídeos do RNA mensageiro presentes em um gene de um fungo, constituída de sete códons, está escrita a seguir. Descrição da imagem: Quadro que indica a sequência de letras que representa os 7 códons: 1-AUG, 2-UUU, 3-GUU, 4-CAA, 5-UGU, 6- AGU, 7-UAG. Pesquisadores submeteram a sequência a mutações independentes. Sabe-se que os códons UAG e UAA são terminais, ou seja, indicam a interrupção da tradução. Qual mutação produzirá a menor proteina? ",Deleção de G no códon 3., Substituição de C por U no códon 4. ,Deleção dos dois primeiros nucleotídeos no códon 5., Substituição de A por G no códon 7. ,Substituição de G por C no códon 6.,2021,130,CN,B,portuguese,"['A', 'B', 'E', 'D', 'C']"
QUESTÃO 131,"A simples atitude de não jogar direto no lixo ou no ralo da pia o óleo de cozinha usado pode contribuir para a redução da poluição ambiental. Mas o que fazer com o óleo vegetal que não será mais usado”? Não existe um modelo ideal de descarte, mas uma alternativa simples tem sido reaproveitá-lo para fazer sabão. Para isso, são necessários, além do próprio óleo, água e soda cáustica. enem202i Com base no texto, a reação química que permite o reaproveitamento do óleo vegetal é denominada",epoxidação. , saponificação. , esterificação.,substituição., redução. ,2021,131,CN,B,portuguese,"['B', 'E', 'D', 'C', 'A']"
QUESTÃO 132,"Durante o desenvolvimento embrionário humano ocorre uma comunicação entre os átrios direito e esquerdo através do forame oval (ou forame de Botal). Essa comunicação não causa prejuízos à circulação do bebê em formação, exceto se ela perdurar após o nascimento. Os prejuízos no período embrionário são evitados porque a circulação fetal se assemelha à dos(as)","crocodilianos, porque a separação dos ventrículos impede a mistura sanguínea. ","peixes, porque a circulação é simples, ocorrendo uma passagem única pelo coração. ","anfíbios, porque pressões diferenciais isolam temporalmente o sangue venoso do arterial.","aves, porque a pequena circulação e a grande circulação estão presentes.","répteis, porque a mistura de sangue é minimizada por um metabolismo lento. ",2021,132,CN,B,portuguese,"['C', 'D', 'E', 'A', 'B']"
QUESTÃO 133,"No cultivo por hidroponia, são utilizadas soluções nutritivas contendo macronutrientes e micronutrientes essenciais. Além dos nutrientes, o pH é um parâmetro de extrema importância, uma vez que ele afeta a preparação da solução nutritiva e a absorção dos nutrientes pelas plantas. Para o cultivo de alface, valores de pH entre 5,5 e 6,5 são ideais para o seu desenvolvimento. As correções de pH são feitas pela adição de compostos ácidos ou básicos, mas não devem introduzir elementos nocivos às plantas. Na tabela, são apresentados alguns dados da composição da solução nutritiva de referência para esse cultivo. Também é apresentada a composição de uma solução preparada por um produtor de cultivo hidropônico. Descrição da imagem: Tabela com algumas espécies químicas e suas respectivas concentrações em milimol por litro para a composição de referência, com pH entre 5,5 e 6,5, e, para a solução nutritiva preparada, com pH igual a 4,3. Macronutrientes: N (NH, com carga positiva); concentrações: 1,0 e 0,8. P (H,PO, com carga negativa); concentrações: 1,0 e 1,0. K com carga positiva; concentrações: 6,0 e 3,5. Ca com carga positiva 2; concentrações: 4,0 e 3,0. SO, com carga negativa 2; concentrações: 2,0 e 1,0. Micronutrientes: Fe com carga positiva 2; concentrações: 0,09 e 0,07. C/ com carga negativa; concentrações: valor indeterminado e 0,0045. Para correção do pH da solução nutritiva preparada, esse produtor pode empregar uma solução de ",". cloreto de ferro(2), FeCl2","ácido fosfórico, H3PO4.","óxido de alumínio, Al2O3.","sulfato de cálcio, CaSO4","hidróxido de potássio, KOH.",2021,133,CN,E,portuguese,"['D', 'A', 'C', 'B', 'E']"
QUESTÃO 134,"O sino dos ventos é composto por várias barras metálicas de mesmo material e espessura, mas de comprimentos diferentes, conforme a figura. Descrição da imagem: Ilustração de um sino dos ventos formado por seis barras metálicas cilíndricas. Essas barras estão penduradas em uma circunferência e igualmente espaçadas. A barra mais curta corresponde ao comprimento 1 e a barra mais longa corresponde ao comprimento 2.  Considere f ev,, respectivamente, como a frequência fundamental e a velocidade de propagação do som emitido pela barra de menor comprimento, e f, e v, são essas mesmas grandezas para o som emitido pela barra de maior comprimento. As relações entre as frequências fundamentais e entre as velocidades de propagação são, respectivamente, ","f1, maior que f2, e v1, maior que v2.","f1, menor que f2, e v1, igual a v2.","f1, menor que f2, e v1, menor que v2.","f1, menor que f2, e v1, maior que v2.","f1, maior que f2, e v1, igual a v2. ",2021,134,CN,E,portuguese,"['E', 'B', 'A', 'C', 'D']"
QUESTÃO 135,"O polvo mimético apresenta padrões cromáticos e comportamentos muito curiosos. Frequentemente, muda a orientação de seus tentáculos, assemelhando-se a alguns animais. As imagens 1, 3 e 5 apresentam polvos mimetizando, respectivamente, um peixe-linguado (2), um peixe-leão (4) e uma serpente-marinha (6). enemo021 enemo027 Descrição da imagem: Imagem 1: O polvo está com todos os tentáculos recolhidos para o mesmo lado, unidos junto ao corpo e assumindo um formato ovalado, semelhante ao do peixe-linguado, apresentado na imagem 2. Imagem 3: Os tentáculos do polvo aparecem abertos, semelhantes às múltiplas nadadeiras do peixe-leão, apresentado na imagem 4. Imagem 5: Os tentáculos do polvo estão divididos em duas direções opostas. De cada lado, esses tentáculos estão unidos e assumem um formato cilíndrico, que dão a aparência de um corpo cilíndrico longo, semelhante ao da serpente-marinha, apresentada na imagem 6.  Do ponto de vista evolutivo, a capacidade apresentada se estabeleceu porque os polvos",resultaram de convergência adaptativa com essas espécies., observaram esses animais em seus nichos ecológicos., originaram-se do mesmo ancestral que esses animais. ,sobreviveram às pressões seletivas com esses comportamentos., passaram por mutações similares a esses organismos. ,2021,135,CN,D,portuguese,"['D', 'C', 'A', 'E', 'B']"
