game_id,data_set,date,a1,a2,a3,a4,a5,h1,h2,h3,h4,h5,period,away_score,home_score,remaining_time,elapsed,play_length,play_id,team,event_type,assist,away,home,block,entered,left,num,opponent,outof,player,points,possession,reason,result,steal,type,shot_distance,original_x,original_y,converted_x,converted_y,description
22100474,2021-22 Regular Season,2021-12-22,Nikola Jokic,Will Barton,Jeff Green,Monte Morris,Aaron Gordon,Derrick Favors,Josh Giddey,Luguentz Dort,Shai Gilgeous-Alexander,Jeremiah Robinson-Earl,1,0,0,0:12:00,0:00:00,0:00:00,1,,start of period,,,,,,,,,,,,,,,,start of period,,,,,,
22100474,2021-22 Regular Season,2021-12-22,Nikola Jokic,Will Barton,Jeff Green,Monte Morris,Aaron Gordon,Derrick Favors,Josh Giddey,Luguentz Dort,Shai Gilgeous-Alexander,Jeremiah Robinson-Earl,1,0,0,0:12:00,0:00:00,0:00:00,2,OKC,jump ball,,Nikola Jokic,Derrick Favors,,,,,,,Derrick Favors,,Josh Giddey,,,,jump ball,,,,,,Jump Ball Favors vs. Jokic: Tip to Giddey
22100474,2021-22 Regular Season,2021-12-22,Nikola Jokic,Will Barton,Jeff Green,Monte Morris,Aaron Gordon,Derrick Favors,Josh Giddey,Luguentz Dort,Shai Gilgeous-Alexander,Jeremiah Robinson-Earl,1,0,3,0:11:51,0:00:09,0:00:09,3,OKC,shot,Shai Gilgeous-Alexander,,,,,,,,,Luguentz Dort,3,,,made,,3pt jump shot,23,-225,-20,2.5,91.0,Dort 3PT Jump Shot (3 PTS) (Gilgeous-Alexander 1 AST)
22100474,2021-22 Regular Season,2021-12-22,Nikola Jokic,Will Barton,Jeff Green,Monte Morris,Aaron Gordon,Derrick Favors,Josh Giddey,Luguentz Dort,Shai Gilgeous-Alexander,Jeremiah Robinson-Earl,1,0,3,0:11:30,0:00:30,0:00:21,4,OKC,technical foul,,,,,,,,,,Josh Giddey,,,,,,defensive 3 seconds,,,,,,THUNDER T.Foul (Def. 3 Sec Giddey ) (B.Kennedy)
22100474,2021-22 Regular Season,2021-12-22,Nikola Jokic,Will Barton,Jeff Green,Monte Morris,Aaron Gordon,Derrick Favors,Josh Giddey,Luguentz Dort,Shai Gilgeous-Alexander,Jeremiah Robinson-Earl,1,1,3,0:11:30,0:00:30,0:00:00,5,DEN,free throw,,,,,,,1,,1,Nikola Jokic,1,,,made,,free throw technical,,,,,,Jokic Free Throw Technical (1 PTS)
22100474,2021-22 Regular Season,2021-12-22,Nikola Jokic,Will Barton,Jeff Green,Monte Morris,Aaron Gordon,Derrick Favors,Josh Giddey,Luguentz Dort,Shai Gilgeous-Alexander,Jeremiah Robinson-Earl,1,1,3,0:11:25,0:00:35,0:00:05,6,DEN,shot,,,,,,,,,,Will Barton,0,,,missed,,floating jump shot,4,-4,39,25.4,8.9,MISS Barton 4' Floating Jump Shot
22100474,2021-22 Regular Season,2021-12-22,Nikola Jokic,Will Barton,Jeff Green,Monte Morris,Aaron Gordon,Derrick Favors,Josh Giddey,Luguentz Dort,Shai Gilgeous-Alexander,Jeremiah Robinson-Earl,1,1,3,0:11:21,0:00:39,0:00:04,7,DEN,shot,,,,,,,,,,Will Barton,0,,,missed,,layup,0,0,0,25.0,5.0,MISS Barton Tip Layup Shot
22100474,2021-22 Regular Season,2021-12-22,Nikola Jokic,Will Barton,Jeff Green,Monte Morris,Aaron Gordon,Derrick Favors,Josh Giddey,Luguentz Dort,Shai Gilgeous-Alexander,Jeremiah Robinson-Earl,1,1,3,0:11:21,0:00:39,0:00:00,8,DEN,rebound,,,,,,,,,,Will Barton,,,,,,rebound offensive,,,,,,Barton REBOUND (Off:1 Def:0)
22100474,2021-22 Regular Season,2021-12-22,Nikola Jokic,Will Barton,Jeff Green,Monte Morris,Aaron Gordon,Derrick Favors,Josh Giddey,Luguentz Dort,Shai Gilgeous-Alexander,Jeremiah Robinson-Earl,1,1,3,0:11:21,0:00:39,0:00:00,9,DEN,rebound,,,,,,,,,,Will Barton,,,,,,rebound offensive,,,,,,Barton REBOUND (Off:2 Def:0)
22100474,2021-22 Regular Season,2021-12-22,Nikola Jokic,Will Barton,Jeff Green,Monte Morris,Aaron Gordon,Derrick Favors,Josh Giddey,Luguentz Dort,Shai Gilgeous-Alexander,Jeremiah Robinson-Earl,1,3,3,0:11:17,0:00:43,0:00:04,10,DEN,shot,,,,,,,,,,Will Barton,2,,,made,,layup,0,0,0,25.0,5.0,Barton Putback Layup (2 PTS)
22100474,2021-22 Regular Season,2021-12-22,Nikola Jokic,Will Barton,Jeff Green,Monte Morris,Aaron Gordon,Derrick Favors,Josh Giddey,Luguentz Dort,Shai Gilgeous-Alexander,Jeremiah Robinson-Earl,1,3,3,0:11:11,0:00:49,0:00:06,11,OKC,shot,,,,,,,,,,Derrick Favors,0,,,missed,,layup,13,47,120,29.7,77.0,MISS Favors 13' Layup
22100474,2021-22 Regular Season,2021-12-22,Nikola Jokic,Will Barton,Jeff Green,Monte Morris,Aaron Gordon,Derrick Favors,Josh Giddey,Luguentz Dort,Shai Gilgeous-Alexander,Jeremiah Robinson-Earl,1,3,3,0:11:11,0:00:49,0:00:00,12,OKC,rebound,,,,,,,,,,Luguentz Dort,,,,,,rebound offensive,,,,,,Dort REBOUND (Off:1 Def:0)
22100474,2021-22 Regular Season,2021-12-22,Nikola Jokic,Will Barton,Jeff Green,Monte Morris,Aaron Gordon,Derrick Favors,Josh Giddey,Luguentz Dort,Shai Gilgeous-Alexander,Jeremiah Robinson-Earl,1,3,3,0:11:06,0:00:54,0:00:05,13,OKC,shot,,,,,,,,,,Luguentz Dort,0,,,missed,,layup,0,0,0,25.0,89.0,MISS Dort Tip Layup Shot
22100474,2021-22 Regular Season,2021-12-22,Nikola Jokic,Will Barton,Jeff Green,Monte Morris,Aaron Gordon,Derrick Favors,Josh Giddey,Luguentz Dort,Shai Gilgeous-Alexander,Jeremiah Robinson-Earl,1,3,3,0:11:06,0:00:54,0:00:00,14,DEN,rebound,,,,,,,,,,Jeff Green,,,,,,rebound defensive,,,,,,Green REBOUND (Off:0 Def:1)
22100474,2021-22 Regular Season,2021-12-22,Nikola Jokic,Will Barton,Jeff Green,Monte Morris,Aaron Gordon,Derrick Favors,Josh Giddey,Luguentz Dort,Shai Gilgeous-Alexander,Jeremiah Robinson-Earl,1,6,3,0:10:57,0:01:03,0:00:09,15,DEN,shot,Nikola Jokic,,,,,,,,,Monte Morris,3,,,made,,3pt jump shot,24,-229,54,47.900000000000006,10.4,Morris 24' 3PT Jump Shot (3 PTS) (Jokic 1 AST)
22100474,2021-22 Regular Season,2021-12-22,Nikola Jokic,Will Barton,Jeff Green,Monte Morris,Aaron Gordon,Derrick Favors,Josh Giddey,Luguentz Dort,Shai Gilgeous-Alexander,Jeremiah Robinson-Earl,1,6,3,0:10:40,0:01:20,0:00:17,16,OKC,turnover,,,,,,,,,,Luguentz Dort,,,bad pass,,Will Barton,bad pass,,,,,,Dort Bad Pass Turnover (P1.T1): Barton STEAL (1 STL)
22100474,2021-22 Regular Season,2021-12-22,Nikola Jokic,Will Barton,Jeff Green,Monte Morris,Aaron Gordon,Derrick Favors,Josh Giddey,Luguentz Dort,Shai Gilgeous-Alexander,Jeremiah Robinson-Earl,1,6,3,0:10:40,0:01:20,0:00:00,17,OKC,foul,,,,,,,,Will Barton,,Derrick Favors,,,personal take foul,,,personal take,,,,,,Favors Personal Take Foul (P1.T1) (P.Ransom)
22100474,2021-22 Regular Season,2021-12-22,Nikola Jokic,Will Barton,Jeff Green,Monte Morris,Aaron Gordon,Derrick Favors,Josh Giddey,Luguentz Dort,Shai Gilgeous-Alexander,Jeremiah Robinson-Earl,1,8,3,0:10:28,0:01:32,0:00:12,18,DEN,shot,Nikola Jokic,,,,,,,,,Aaron Gordon,2,,,made,,dunk,1,5,6,24.5,5.6,Gordon 1' Dunk (2 PTS) (Jokic 2 AST)
22100474,2021-22 Regular Season,2021-12-22,Nikola Jokic,Will Barton,Jeff Green,Monte Morris,Aaron Gordon,Derrick Favors,Josh Giddey,Luguentz Dort,Shai Gilgeous-Alexander,Jeremiah Robinson-Earl,1,8,3,0:10:13,0:01:47,0:00:15,19,OKC,shot,,,,Nikola Jokic,,,,,,Shai Gilgeous-Alexander,0,,,missed,,driving layup,3,6,26,25.6,86.4,MISS Gilgeous-Alexander 3' Driving Layup: Jokic BLOCK (1 BLK)
22100474,2021-22 Regular Season,2021-12-22,Nikola Jokic,Will Barton,Jeff Green,Monte Morris,Aaron Gordon,Derrick Favors,Josh Giddey,Luguentz Dort,Shai Gilgeous-Alexander,Jeremiah Robinson-Earl,1,8,3,0:10:11,0:01:49,0:00:02,20,DEN,rebound,,,,,,,,,,Jeff Green,,,,,,rebound defensive,,,,,,Green REBOUND (Off:0 Def:2)
22100474,2021-22 Regular Season,2021-12-22,Nikola Jokic,Will Barton,Jeff Green,Monte Morris,Aaron Gordon,Derrick Favors,Josh Giddey,Luguentz Dort,Shai Gilgeous-Alexander,Jeremiah Robinson-Earl,1,8,3,0:10:09,0:01:51,0:00:02,21,DEN,shot,,,,,,,,,,Aaron Gordon,0,,,missed,,3pt jump shot,24,-230,69,48.0,11.9,MISS Gordon 24' 3PT Jump Shot
22100474,2021-22 Regular Season,2021-12-22,Nikola Jokic,Will Barton,Jeff Green,Monte Morris,Aaron Gordon,Derrick Favors,Josh Giddey,Luguentz Dort,Shai Gilgeous-Alexander,Jeremiah Robinson-Earl,1,8,3,0:10:06,0:01:54,0:00:03,22,OKC,rebound,,,,,,,,,,Jeremiah Robinson-Earl,,,,,,rebound defensive,,,,,,Robinson-Earl REBOUND (Off:0 Def:1)
22100474,2021-22 Regular Season,2021-12-22,Nikola Jokic,Will Barton,Jeff Green,Monte Morris,Aaron Gordon,Derrick Favors,Josh Giddey,Luguentz Dort,Shai Gilgeous-Alexander,Jeremiah Robinson-Earl,1,8,5,0:10:01,0:01:59,0:00:05,23,OKC,shot,,,,,,,,,,Shai Gilgeous-Alexander,2,,,made,,layup,3,26,-5,27.6,89.5,Gilgeous-Alexander 3' Driving Finger Roll Layup (2 PTS)
22100474,2021-22 Regular Season,2021-12-22,Nikola Jokic,Will Barton,Jeff Green,Monte Morris,Aaron Gordon,Derrick Favors,Josh Giddey,Luguentz Dort,Shai Gilgeous-Alexander,Jeremiah Robinson-Earl,1,8,5,0:09:51,0:02:09,0:00:10,24,OKC,foul,,,,,,,,Jeff Green,,Josh Giddey,,,s.foul,,,shooting,,,,,,Giddey S.FOUL (P1.T2) (B.Kennedy)
22100474,2021-22 Regular Season,2021-12-22,Nikola Jokic,Will Barton,Jeff Green,Monte Morris,Aaron Gordon,Derrick Favors,Josh Giddey,Luguentz Dort,Shai Gilgeous-Alexander,Jeremiah Robinson-Earl,1,9,5,0:09:51,0:02:09,0:00:00,25,DEN,free throw,,,,,,,1,,2,Jeff Green,1,,,made,,free throw 1/2,,,,,,Green Free Throw 1 of 2 (1 PTS)
22100474,2021-22 Regular Season,2021-12-22,Nikola Jokic,Will Barton,Jeff Green,Monte Morris,Aaron Gordon,Derrick Favors,Josh Giddey,Luguentz Dort,Shai Gilgeous-Alexander,Jeremiah Robinson-Earl,1,9,5,0:09:51,0:02:09,0:00:00,26,DEN,free throw,,,,,,,2,,2,Jeff Green,0,,,missed,,free throw 2/2,,,,,,MISS Green Free Throw 2 of 2
22100474,2021-22 Regular Season,2021-12-22,Nikola Jokic,Will Barton,Jeff Green,Monte Morris,Aaron Gordon,Derrick Favors,Josh Giddey,Luguentz Dort,Shai Gilgeous-Alexander,Jeremiah Robinson-Earl,1,9,5,0:09:49,0:02:11,0:00:02,27,OKC,rebound,,,,,,,,,,Josh Giddey,,,,,,rebound defensive,,,,,,Giddey REBOUND (Off:0 Def:1)
22100474,2021-22 Regular Season,2021-12-22,Nikola Jokic,Will Barton,Jeff Green,Monte Morris,Aaron Gordon,Derrick Favors,Josh Giddey,Luguentz Dort,Shai Gilgeous-Alexander,Jeremiah Robinson-Earl,1,9,5,0:09:37,0:02:23,0:00:12,28,DEN,foul,,,,,,,,Luguentz Dort,,Will Barton,,,p.foul,,,personal,,,,,,Barton P.FOUL (P1.T1) (P.Ransom)
22100474,2021-22 Regular Season,2021-12-22,Nikola Jokic,Will Barton,Jeff Green,Monte Morris,Aaron Gordon,Derrick Favors,Josh Giddey,Luguentz Dort,Shai Gilgeous-Alexander,Jeremiah Robinson-Earl,1,9,5,0:09:28,0:02:32,0:00:09,29,OKC,shot,,,,,,,,,,Jeremiah Robinson-Earl,0,,,missed,,3pt jump shot,26,195,176,44.5,71.4,MISS Robinson-Earl 26' 3PT Jump Shot
22100474,2021-22 Regular Season,2021-12-22,Nikola Jokic,Will Barton,Jeff Green,Monte Morris,Aaron Gordon,Derrick Favors,Josh Giddey,Luguentz Dort,Shai Gilgeous-Alexander,Jeremiah Robinson-Earl,1,9,5,0:09:25,0:02:35,0:00:03,30,DEN,rebound,,,,,,,,,,Nikola Jokic,,,,,,rebound defensive,,,,,,Jokic REBOUND (Off:0 Def:1)
22100474,2021-22 Regular Season,2021-12-22,Nikola Jokic,Will Barton,Jeff Green,Monte Morris,Aaron Gordon,Derrick Favors,Josh Giddey,Luguentz Dort,Shai Gilgeous-Alexander,Jeremiah Robinson-Earl,1,9,5,0:09:18,0:02:42,0:00:07,31,DEN,shot,,,,Josh Giddey,,,,,,Jeff Green,0,,,missed,,layup,9,-61,64,31.1,11.4,Giddey BLOCK (1 BLK): MISS Green 9' Layup
22100474,2021-22 Regular Season,2021-12-22,Nikola Jokic,Will Barton,Jeff Green,Monte Morris,Aaron Gordon,Derrick Favors,Josh Giddey,Luguentz Dort,Shai Gilgeous-Alexander,Jeremiah Robinson-Earl,1,9,5,0:09:18,0:02:42,0:00:00,32,DEN,rebound,,,,,,,,,,,,,,,,rebound offensive,,,,,,Nuggets Rebound
22100474,2021-22 Regular Season,2021-12-22,Nikola Jokic,Will Barton,Jeff Green,Monte Morris,Aaron Gordon,Derrick Favors,Josh Giddey,Luguentz Dort,Shai Gilgeous-Alexander,Jeremiah Robinson-Earl,1,9,5,0:09:00,0:03:00,0:00:18,33,DEN,shot,,,,,,,,,,Will Barton,0,,,missed,,driving layup,4,-10,36,26.0,8.6,MISS Barton 4' Driving Layup
22100474,2021-22 Regular Season,2021-12-22,Nikola Jokic,Will Barton,Jeff Green,Monte Morris,Aaron Gordon,Derrick Favors,Josh Giddey,Luguentz Dort,Shai Gilgeous-Alexander,Jeremiah Robinson-Earl,1,9,5,0:08:59,0:03:01,0:00:01,34,OKC,rebound,,,,,,,,,,Josh Giddey,,,,,,rebound defensive,,,,,,Giddey REBOUND (Off:0 Def:2)
22100474,2021-22 Regular Season,2021-12-22,Nikola Jokic,Will Barton,Jeff Green,Monte Morris,Aaron Gordon,Derrick Favors,Josh Giddey,Luguentz Dort,Shai Gilgeous-Alexander,Jeremiah Robinson-Earl,1,9,7,0:08:44,0:03:16,0:00:15,35,OKC,shot,,,,,,,,,,Shai Gilgeous-Alexander,2,,,made,,layup,2,-20,5,23.0,88.5,Gilgeous-Alexander 2' Layup (4 PTS)
22100474,2021-22 Regular Season,2021-12-22,Nikola Jokic,Will Barton,Jeff Green,Monte Morris,Aaron Gordon,Derrick Favors,Josh Giddey,Luguentz Dort,Shai Gilgeous-Alexander,Jeremiah Robinson-Earl,1,9,7,0:08:32,0:03:28,0:00:12,36,DEN,shot,,,,,,,,,,Aaron Gordon,0,,,missed,,layup,3,22,16,22.8,6.6,MISS Gordon 3' Layup
22100474,2021-22 Regular Season,2021-12-22,Nikola Jokic,Will Barton,Jeff Green,Monte Morris,Aaron Gordon,Derrick Favors,Josh Giddey,Luguentz Dort,Shai Gilgeous-Alexander,Jeremiah Robinson-Earl,1,9,7,0:08:30,0:03:30,0:00:02,37,OKC,rebound,,,,,,,,,,Jeremiah Robinson-Earl,,,,,,rebound defensive,,,,,,Robinson-Earl REBOUND (Off:0 Def:2)
22100474,2021-22 Regular Season,2021-12-22,Nikola Jokic,Will Barton,Jeff Green,Monte Morris,Aaron Gordon,Derrick Favors,Josh Giddey,Luguentz Dort,Shai Gilgeous-Alexander,Jeremiah Robinson-Earl,1,9,7,0:08:23,0:03:37,0:00:07,38,OKC,shot,,,,,,,,,,Josh Giddey,0,,,missed,,floating jump shot,8,66,37,31.6,85.3,MISS Giddey 8' Floating Jump Shot
22100474,2021-22 Regular Season,2021-12-22,Nikola Jokic,Will Barton,Jeff Green,Monte Morris,Aaron Gordon,Derrick Favors,Josh Giddey,Luguentz Dort,Shai Gilgeous-Alexander,Jeremiah Robinson-Earl,1,9,7,0:08:21,0:03:39,0:00:02,39,DEN,rebound,,,,,,,,,,Nikola Jokic,,,,,,rebound defensive,,,,,,Jokic REBOUND (Off:0 Def:2)
22100474,2021-22 Regular Season,2021-12-22,Nikola Jokic,Will Barton,Jeff Green,Monte Morris,Aaron Gordon,Derrick Favors,Josh Giddey,Luguentz Dort,Shai Gilgeous-Alexander,Jeremiah Robinson-Earl,1,11,7,0:08:07,0:03:53,0:00:14,40,DEN,shot,Monte Morris,,,,,,,,,Nikola Jokic,2,,,made,,driving floating jump shot,6,10,60,24.0,11.0,Jokic 6' Driving Floating Jump Shot (3 PTS) (Morris 1 AST)
22100474,2021-22 Regular Season,2021-12-22,Nikola Jokic,Will Barton,Jeff Green,Monte Morris,Aaron Gordon,Derrick Favors,Josh Giddey,Luguentz Dort,Shai Gilgeous-Alexander,Jeremiah Robinson-Earl,1,11,9,0:07:39,0:04:21,0:00:28,41,OKC,shot,Shai Gilgeous-Alexander,,,,,,,,,Jeremiah Robinson-Earl,2,,,made,,cutting layup shot,6,-6,59,24.4,83.1,Robinson-Earl 6' Cutting Layup Shot (2 PTS) (Gilgeous-Alexander 2 AST)
22100474,2021-22 Regular Season,2021-12-22,Nikola Jokic,Will Barton,Jeff Green,Monte Morris,Aaron Gordon,Derrick Favors,Josh Giddey,Luguentz Dort,Shai Gilgeous-Alexander,Jeremiah Robinson-Earl,1,14,9,0:07:23,0:04:37,0:00:16,42,DEN,shot,Monte Morris,,,,,,,,,Jeff Green,3,,,made,,3pt jump shot,23,229,-21,2.099999999999998,2.9,Green 3PT Jump Shot (4 PTS) (Morris 2 AST)
22100474,2021-22 Regular Season,2021-12-22,Nikola Jokic,Will Barton,Jeff Green,Monte Morris,Aaron Gordon,Derrick Favors,Josh Giddey,Luguentz Dort,Shai Gilgeous-Alexander,Jeremiah Robinson-Earl,1,14,12,0:07:08,0:04:52,0:00:15,43,OKC,shot,Derrick Favors,,,,,,,,,Luguentz Dort,3,,,made,,3pt jump shot,23,-229,-18,2.099999999999998,90.8,Dort 3PT Jump Shot (6 PTS) (Favors 1 AST)
22100474,2021-22 Regular Season,2021-12-22,Nikola Jokic,Will Barton,Jeff Green,Monte Morris,Aaron Gordon,Derrick Favors,Josh Giddey,Luguentz Dort,Shai Gilgeous-Alexander,Jeremiah Robinson-Earl,1,14,12,0:06:53,0:05:07,0:00:15,44,DEN,shot,,,,,,,,,,Aaron Gordon,0,,,missed,,3pt jump shot,25,159,188,9.1,23.8,MISS Gordon 25' 3PT Jump Shot
22100474,2021-22 Regular Season,2021-12-22,Nikola Jokic,Will Barton,Jeff Green,Monte Morris,Aaron Gordon,Derrick Favors,Josh Giddey,Luguentz Dort,Shai Gilgeous-Alexander,Jeremiah Robinson-Earl,1,14,12,0:06:51,0:05:09,0:00:02,45,OKC,rebound,,,,,,,,,,Derrick Favors,,,,,,rebound defensive,,,,,,Favors REBOUND (Off:0 Def:1)
22100474,2021-22 Regular Season,2021-12-22,Nikola Jokic,Will Barton,Jeff Green,Monte Morris,Aaron Gordon,Derrick Favors,Josh Giddey,Luguentz Dort,Shai Gilgeous-Alexander,Jeremiah Robinson-Earl,1,14,12,0:06:40,0:05:20,0:00:11,46,OKC,shot,,,,,,,,,,Josh Giddey,0,,,missed,,3pt jump shot,25,45,250,29.5,64.0,MISS Giddey 25' 3PT Jump Shot
22100474,2021-22 Regular Season,2021-12-22,Nikola Jokic,Will Barton,Jeff Green,Monte Morris,Aaron Gordon,Derrick Favors,Josh Giddey,Luguentz Dort,Shai Gilgeous-Alexander,Jeremiah Robinson-Earl,1,14,12,0:06:37,0:05:23,0:00:03,47,OKC,rebound,,,,,,,,,,Jeremiah Robinson-Earl,,,,,,rebound offensive,,,,,,Robinson-Earl REBOUND (Off:1 Def:2)
22100474,2021-22 Regular Season,2021-12-22,Nikola Jokic,Will Barton,Jeff Green,Monte Morris,Aaron Gordon,Derrick Favors,Josh Giddey,Luguentz Dort,Shai Gilgeous-Alexander,Jeremiah Robinson-Earl,1,14,14,0:06:36,0:05:24,0:00:01,48,OKC,shot,,,,,,,,,,Jeremiah Robinson-Earl,2,,,made,,dunk,0,4,-1,25.4,89.1,Robinson-Earl Putback Dunk (4 PTS)
22100474,2021-22 Regular Season,2021-12-22,Nikola Jokic,Will Barton,Jeff Green,Monte Morris,Aaron Gordon,Derrick Favors,Josh Giddey,Luguentz Dort,Shai Gilgeous-Alexander,Jeremiah Robinson-Earl,1,14,14,0:06:35,0:05:25,0:00:01,49,DEN,timeout,,,,,,,,,,,,,,,,timeout: regular,,,,,,Nuggets Timeout: Regular (Reg.1 Short 0)
22100474,2021-22 Regular Season,2021-12-22,Nikola Jokic,Will Barton,Jeff Green,Monte Morris,Aaron Gordon,Derrick Favors,Josh Giddey,Luguentz Dort,Shai Gilgeous-Alexander,Jeremiah Robinson-Earl,1,14,14,0:06:18,0:05:42,0:00:17,50,DEN,shot,,,,,,,,,,Nikola Jokic,0,,,missed,,3pt jump shot,27,142,226,10.799999999999999,27.6,MISS Jokic 27' 3PT Jump Shot
22100474,2021-22 Regular Season,2021-12-22,Nikola Jokic,Will Barton,Jeff Green,Monte Morris,Aaron Gordon,Derrick Favors,Josh Giddey,Luguentz Dort,Shai Gilgeous-Alexander,Jeremiah Robinson-Earl,1,14,14,0:06:15,0:05:45,0:00:03,51,OKC,rebound,,,,,,,,,,,,,,,,rebound defensive,,,,,,THUNDER Rebound
22100474,2021-22 Regular Season,2021-12-22,Nikola Jokic,Will Barton,Jeff Green,Monte Morris,Aaron Gordon,Derrick Favors,Josh Giddey,Luguentz Dort,Shai Gilgeous-Alexander,Jeremiah Robinson-Earl,1,14,16,0:05:55,0:06:05,0:00:20,52,OKC,shot,,,,,,,,,,Shai Gilgeous-Alexander,2,,,made,,driving floating bank jump shot,8,72,40,32.2,85.0,Gilgeous-Alexander 8' Driving Floating Bank Jump Shot (6 PTS)
22100474,2021-22 Regular Season,2021-12-22,Nikola Jokic,Will Barton,Jeff Green,Monte Morris,Aaron Gordon,Derrick Favors,Josh Giddey,Luguentz Dort,Shai Gilgeous-Alexander,Jeremiah Robinson-Earl,1,14,16,0:05:31,0:06:29,0:00:24,53,DEN,shot,,,,,,,,,,Jeff Green,0,,,missed,,3pt step back jump shot,23,224,32,2.599999999999998,8.2,MISS Green 3PT Step Back Jump Shot
22100474,2021-22 Regular Season,2021-12-22,Nikola Jokic,Will Barton,Jeff Green,Monte Morris,Aaron Gordon,Derrick Favors,Josh Giddey,Luguentz Dort,Shai Gilgeous-Alexander,Jeremiah Robinson-Earl,1,14,16,0:05:28,0:06:32,0:00:03,54,OKC,rebound,,,,,,,,,,Shai Gilgeous-Alexander,,,,,,rebound defensive,,,,,,Gilgeous-Alexander REBOUND (Off:0 Def:1)
22100474,2021-22 Regular Season,2021-12-22,Nikola Jokic,Will Barton,Jeff Green,Monte Morris,Aaron Gordon,Derrick Favors,Josh Giddey,Luguentz Dort,Shai Gilgeous-Alexander,Jeremiah Robinson-Earl,1,14,16,0:05:21,0:06:39,0:00:07,55,OKC,shot,,,,,,,,,,Shai Gilgeous-Alexander,0,,,missed,,jump shot,14,-62,126,18.8,76.4,MISS Gilgeous-Alexander 14' Pullup Jump Shot
22100474,2021-22 Regular Season,2021-12-22,Nikola Jokic,Will Barton,Jeff Green,Monte Morris,Aaron Gordon,Derrick Favors,Josh Giddey,Luguentz Dort,Shai Gilgeous-Alexander,Jeremiah Robinson-Earl,1,14,16,0:05:17,0:06:43,0:00:04,56,DEN,rebound,,,,,,,,,,Will Barton,,,,,,rebound defensive,,,,,,Barton REBOUND (Off:2 Def:1)
22100474,2021-22 Regular Season,2021-12-22,Nikola Jokic,Will Barton,Jeff Green,Monte Morris,Aaron Gordon,Derrick Favors,Josh Giddey,Luguentz Dort,Shai Gilgeous-Alexander,Jeremiah Robinson-Earl,1,14,16,0:05:05,0:06:55,0:00:12,57,DEN,shot,,,,,,,,,,Monte Morris,0,,,missed,,floating jump shot,12,58,99,19.2,14.9,MISS Morris 11' Floating Jump Shot
22100474,2021-22 Regular Season,2021-12-22,Nikola Jokic,Will Barton,Jeff Green,Monte Morris,Aaron Gordon,Derrick Favors,Josh Giddey,Luguentz Dort,Shai Gilgeous-Alexander,Jeremiah Robinson-Earl,1,14,16,0:05:03,0:06:57,0:00:02,58,OKC,rebound,,,,,,,,,,Derrick Favors,,,,,,rebound defensive,,,,,,Favors REBOUND (Off:0 Def:2)
22100474,2021-22 Regular Season,2021-12-22,Nikola Jokic,Will Barton,Jeff Green,Monte Morris,Aaron Gordon,Derrick Favors,Josh Giddey,Luguentz Dort,Shai Gilgeous-Alexander,Jeremiah Robinson-Earl,1,14,16,0:04:50,0:07:10,0:00:13,59,OKC,shot,,,,,,,,,,Josh Giddey,0,,,missed,,3pt jump shot,23,-229,-13,2.099999999999998,90.3,MISS Giddey 3PT Jump Shot
22100474,2021-22 Regular Season,2021-12-22,Nikola Jokic,Will Barton,Jeff Green,Monte Morris,Aaron Gordon,Derrick Favors,Josh Giddey,Luguentz Dort,Shai Gilgeous-Alexander,Jeremiah Robinson-Earl,1,14,16,0:04:46,0:07:14,0:00:04,60,DEN,rebound,,,,,,,,,,Aaron Gordon,,,,,,rebound defensive,,,,,,Gordon REBOUND (Off:0 Def:1)
22100474,2021-22 Regular Season,2021-12-22,Nikola Jokic,Will Barton,Jeff Green,Monte Morris,Aaron Gordon,Derrick Favors,Josh Giddey,Luguentz Dort,Shai Gilgeous-Alexander,Jeremiah Robinson-Earl,1,16,16,0:04:44,0:07:16,0:00:02,61,DEN,shot,Monte Morris,,,,,,,,,Nikola Jokic,2,,,made,,dunk,1,6,6,24.4,5.6,Jokic 1' Running Dunk (5 PTS) (Morris 3 AST)
22100474,2021-22 Regular Season,2021-12-22,Nikola Jokic,Will Barton,Jeff Green,Monte Morris,Aaron Gordon,Derrick Favors,Josh Giddey,Luguentz Dort,Shai Gilgeous-Alexander,Jeremiah Robinson-Earl,1,16,18,0:04:21,0:07:39,0:00:23,62,OKC,shot,,,,,,,,,,Josh Giddey,2,,,made,,layup,1,-6,0,24.4,89.0,Giddey 1' Driving Finger Roll Layup (2 PTS)
22100474,2021-22 Regular Season,2021-12-22,Nikola Jokic,Will Barton,Jeff Green,Monte Morris,Aaron Gordon,Derrick Favors,Josh Giddey,Luguentz Dort,Shai Gilgeous-Alexander,Jeremiah Robinson-Earl,1,16,18,0:04:13,0:07:47,0:00:08,63,OKC,foul,,,,,,,,Aaron Gordon,,Shai Gilgeous-Alexander,,,p.foul,,,personal,,,,,,Gilgeous-Alexander P.FOUL (P1.T3) (P.Ransom)
22100474,2021-22 Regular Season,2021-12-22,Nikola Jokic,Will Barton,Jeff Green,Monte Morris,Aaron Gordon,Darius Bazley,Josh Giddey,Luguentz Dort,Shai Gilgeous-Alexander,Jeremiah Robinson-Earl,1,16,18,0:04:13,0:07:47,0:00:00,64,OKC,substitution,,,,,Darius Bazley,Derrick Favors,,,,Derrick Favors,,,,,,sub,,,,,,SUB: Bazley FOR Favors
22100474,2021-22 Regular Season,2021-12-22,Nikola Jokic,Will Barton,Jeff Green,Monte Morris,Aaron Gordon,Darius Bazley,Tre Mann,Luguentz Dort,Shai Gilgeous-Alexander,Jeremiah Robinson-Earl,1,16,18,0:04:13,0:07:47,0:00:00,65,OKC,substitution,,,,,Tre Mann,Josh Giddey,,,,Josh Giddey,,,,,,sub,,,,,,SUB: Mann FOR Giddey
22100474,2021-22 Regular Season,2021-12-22,Nikola Jokic,Will Barton,Jeff Green,Bones Hyland,Aaron Gordon,Darius Bazley,Tre Mann,Luguentz Dort,Shai Gilgeous-Alexander,Jeremiah Robinson-Earl,1,16,18,0:04:13,0:07:47,0:00:00,66,DEN,substitution,,,,,Bones Hyland,Monte Morris,,,,Monte Morris,,,,,,sub,,,,,,SUB: Hyland FOR Morris
22100474,2021-22 Regular Season,2021-12-22,Nikola Jokic,Facundo Campazzo,Jeff Green,Bones Hyland,Aaron Gordon,Darius Bazley,Tre Mann,Luguentz Dort,Shai Gilgeous-Alexander,Jeremiah Robinson-Earl,1,16,18,0:04:13,0:07:47,0:00:00,67,DEN,substitution,,,,,Facundo Campazzo,Will Barton,,,,Will Barton,,,,,,sub,,,,,,SUB: Campazzo FOR Barton
22100474,2021-22 Regular Season,2021-12-22,Nikola Jokic,Facundo Campazzo,Jeff Green,Bones Hyland,Aaron Gordon,Darius Bazley,Tre Mann,Luguentz Dort,Shai Gilgeous-Alexander,Jeremiah Robinson-Earl,1,16,18,0:04:09,0:07:51,0:00:04,68,DEN,turnover,,,,,,,,,,Nikola Jokic,,,traveling,,,traveling,,,,,,Jokic Traveling Turnover (P1.T1)
22100474,2021-22 Regular Season,2021-12-22,Nikola Jokic,Facundo Campazzo,Jeff Green,Bones Hyland,Aaron Gordon,Darius Bazley,Tre Mann,Luguentz Dort,Shai Gilgeous-Alexander,Jeremiah Robinson-Earl,1,16,18,0:03:59,0:08:01,0:00:10,69,OKC,shot,,,,,,,,,,Luguentz Dort,0,,,missed,,3pt jump shot,24,-94,222,15.6,66.8,MISS Dort 24' 3PT Jump Shot
22100474,2021-22 Regular Season,2021-12-22,Nikola Jokic,Facundo Campazzo,Jeff Green,Bones Hyland,Aaron Gordon,Darius Bazley,Tre Mann,Luguentz Dort,Shai Gilgeous-Alexander,Jeremiah Robinson-Earl,1,16,18,0:03:56,0:08:04,0:00:03,70,DEN,rebound,,,,,,,,,,Aaron Gordon,,,,,,rebound defensive,,,,,,Gordon REBOUND (Off:0 Def:2)
22100474,2021-22 Regular Season,2021-12-22,Nikola Jokic,Facundo Campazzo,Jeff Green,Bones Hyland,Aaron Gordon,Darius Bazley,Tre Mann,Luguentz Dort,Shai Gilgeous-Alexander,Jeremiah Robinson-Earl,1,16,18,0:03:48,0:08:12,0:00:08,71,DEN,shot,,,,Shai Gilgeous-Alexander,,,,,,Aaron Gordon,0,,,missed,,driving layup,11,-97,50,34.7,10.0,Gilgeous-Alexander BLOCK (1 BLK): MISS Gordon 11' Driving Layup
22100474,2021-22 Regular Season,2021-12-22,Nikola Jokic,Facundo Campazzo,Jeff Green,Bones Hyland,Aaron Gordon,Darius Bazley,Tre Mann,Luguentz Dort,Shai Gilgeous-Alexander,Jeremiah Robinson-Earl,1,16,18,0:03:48,0:08:12,0:00:00,72,DEN,rebound,,,,,,,,,,,,,,,,rebound offensive,,,,,,Nuggets Rebound
22100474,2021-22 Regular Season,2021-12-22,Nikola Jokic,Facundo Campazzo,Jeff Green,Bones Hyland,Aaron Gordon,Darius Bazley,Tre Mann,Luguentz Dort,Shai Gilgeous-Alexander,Jeremiah Robinson-Earl,1,18,18,0:03:38,0:08:22,0:00:10,73,DEN,shot,Aaron Gordon,,,,,,,,,Jeff Green,2,,,made,,floating jump shot,11,-27,107,27.7,15.700000000000001,Green 11' Floating Jump Shot (6 PTS) (Gordon 1 AST)
22100474,2021-22 Regular Season,2021-12-22,Nikola Jokic,Facundo Campazzo,Jeff Green,Bones Hyland,Aaron Gordon,Darius Bazley,Tre Mann,Luguentz Dort,Shai Gilgeous-Alexander,Jeremiah Robinson-Earl,1,18,20,0:03:25,0:08:35,0:00:13,74,OKC,shot,,,,,,,,,,Shai Gilgeous-Alexander,2,,,made,,driving layup,3,-31,0,21.9,89.0,Gilgeous-Alexander 3' Driving Layup (8 PTS)
22100474,2021-22 Regular Season,2021-12-22,Nikola Jokic,Facundo Campazzo,Jeff Green,Bones Hyland,Aaron Gordon,Darius Bazley,Tre Mann,Luguentz Dort,Shai Gilgeous-Alexander,Jeremiah Robinson-Earl,1,18,20,0:03:17,0:08:43,0:00:08,75,DEN,shot,,,,,,,,,,Bones Hyland,0,,,missed,,layup,3,-26,12,27.6,6.2,MISS Hyland 3' Layup
22100474,2021-22 Regular Season,2021-12-22,Nikola Jokic,Facundo Campazzo,Jeff Green,Bones Hyland,Aaron Gordon,Darius Bazley,Tre Mann,Luguentz Dort,Shai Gilgeous-Alexander,Jeremiah Robinson-Earl,1,18,20,0:03:15,0:08:45,0:00:02,76,OKC,rebound,,,,,,,,,,Shai Gilgeous-Alexander,,,,,,rebound defensive,,,,,,Gilgeous-Alexander REBOUND (Off:0 Def:2)
22100474,2021-22 Regular Season,2021-12-22,Nikola Jokic,Facundo Campazzo,Jeff Green,Bones Hyland,Aaron Gordon,Darius Bazley,Tre Mann,Luguentz Dort,Shai Gilgeous-Alexander,Jeremiah Robinson-Earl,1,18,20,0:03:07,0:08:53,0:00:08,77,OKC,turnover,,,,,,,,,,Luguentz Dort,,,bad pass,,,bad pass,,,,,,Dort Out of Bounds - Bad Pass Turnover Turnover (P2.T2)
22100474,2021-22 Regular Season,2021-12-22,Nikola Jokic,Facundo Campazzo,Zeke Nnaji,Bones Hyland,Aaron Gordon,Darius Bazley,Tre Mann,Luguentz Dort,Shai Gilgeous-Alexander,Jeremiah Robinson-Earl,1,18,20,0:03:07,0:08:53,0:00:00,78,DEN,substitution,,,,,Zeke Nnaji,Jeff Green,,,,Jeff Green,,,,,,sub,,,,,,SUB: Nnaji FOR Green
22100474,2021-22 Regular Season,2021-12-22,Nikola Jokic,Facundo Campazzo,Zeke Nnaji,Bones Hyland,Aaron Gordon,Darius Bazley,Tre Mann,Luguentz Dort,Shai Gilgeous-Alexander,Jeremiah Robinson-Earl,1,18,20,0:02:59,0:09:01,0:00:08,79,DEN,shot,,,,,,,,,,Nikola Jokic,0,,,missed,,3pt jump shot,27,-1,273,25.1,32.3,MISS Jokic 27' 3PT Jump Shot
22100474,2021-22 Regular Season,2021-12-22,Nikola Jokic,Facundo Campazzo,Zeke Nnaji,Bones Hyland,Aaron Gordon,Darius Bazley,Tre Mann,Luguentz Dort,Shai Gilgeous-Alexander,Jeremiah Robinson-Earl,1,18,20,0:02:56,0:09:04,0:00:03,80,OKC,rebound,,,,,,,,,,Darius Bazley,,,,,,rebound defensive,,,,,,Bazley REBOUND (Off:0 Def:1)
22100474,2021-22 Regular Season,2021-12-22,Nikola Jokic,Facundo Campazzo,Zeke Nnaji,Bones Hyland,Aaron Gordon,Darius Bazley,Tre Mann,Luguentz Dort,Shai Gilgeous-Alexander,Jeremiah Robinson-Earl,1,18,23,0:02:48,0:09:12,0:00:08,81,OKC,shot,Darius Bazley,,,,,,,,,Jeremiah Robinson-Earl,3,,,made,,3pt jump shot,25,-94,230,15.6,66.0,Robinson-Earl 25' 3PT Jump Shot (7 PTS) (Bazley 1 AST)
22100474,2021-22 Regular Season,2021-12-22,Nikola Jokic,Facundo Campazzo,Zeke Nnaji,Bones Hyland,Aaron Gordon,Darius Bazley,Tre Mann,Luguentz Dort,Shai Gilgeous-Alexander,Jeremiah Robinson-Earl,1,18,23,0:02:34,0:09:26,0:00:14,82,DEN,shot,,,,Darius Bazley,,,,,,Zeke Nnaji,0,,,missed,,layup,2,17,18,23.3,6.8,Bazley BLOCK (1 BLK): MISS Nnaji 2' Layup
22100474,2021-22 Regular Season,2021-12-22,Nikola Jokic,Facundo Campazzo,Zeke Nnaji,Bones Hyland,Aaron Gordon,Darius Bazley,Tre Mann,Luguentz Dort,Shai Gilgeous-Alexander,Jeremiah Robinson-Earl,1,18,23,0:02:31,0:09:29,0:00:03,83,OKC,rebound,,,,,,,,,,Tre Mann,,,,,,rebound defensive,,,,,,Mann REBOUND (Off:0 Def:1)
22100474,2021-22 Regular Season,2021-12-22,Nikola Jokic,Facundo Campazzo,Zeke Nnaji,Bones Hyland,Aaron Gordon,Darius Bazley,Tre Mann,Luguentz Dort,Shai Gilgeous-Alexander,Jeremiah Robinson-Earl,1,18,23,0:02:17,0:09:43,0:00:14,84,OKC,shot,,,,,,,,,,Darius Bazley,0,,,missed,,3pt jump shot,23,-228,-5,2.1999999999999993,89.5,MISS Bazley 3PT Jump Shot
22100474,2021-22 Regular Season,2021-12-22,Nikola Jokic,Facundo Campazzo,Zeke Nnaji,Bones Hyland,Aaron Gordon,Darius Bazley,Tre Mann,Luguentz Dort,Shai Gilgeous-Alexander,Jeremiah Robinson-Earl,1,18,23,0:02:13,0:09:47,0:00:04,85,DEN,rebound,,,,,,,,,,Aaron Gordon,,,,,,rebound defensive,,,,,,Gordon REBOUND (Off:0 Def:3)
22100474,2021-22 Regular Season,2021-12-22,Nikola Jokic,Facundo Campazzo,Zeke Nnaji,Bones Hyland,Aaron Gordon,Darius Bazley,Tre Mann,Luguentz Dort,Shai Gilgeous-Alexander,Jeremiah Robinson-Earl,1,18,23,0:02:06,0:09:54,0:00:07,86,DEN,shot,,,,,,,,,,Zeke Nnaji,0,,,missed,,3pt jump shot,25,-184,173,43.400000000000006,22.3,MISS Nnaji 25' 3PT Jump Shot
22100474,2021-22 Regular Season,2021-12-22,Nikola Jokic,Facundo Campazzo,Zeke Nnaji,Bones Hyland,Aaron Gordon,Darius Bazley,Tre Mann,Luguentz Dort,Shai Gilgeous-Alexander,Jeremiah Robinson-Earl,1,18,23,0:02:03,0:09:57,0:00:03,87,OKC,rebound,,,,,,,,,,Darius Bazley,,,,,,rebound defensive,,,,,,Bazley REBOUND (Off:0 Def:2)
22100474,2021-22 Regular Season,2021-12-22,Nikola Jokic,Facundo Campazzo,Zeke Nnaji,Bones Hyland,Aaron Gordon,Darius Bazley,Tre Mann,Luguentz Dort,Shai Gilgeous-Alexander,Jeremiah Robinson-Earl,1,18,23,0:01:54,0:10:06,0:00:09,88,OKC,shot,,,,Nikola Jokic,,,,,,Darius Bazley,0,,,missed,,driving layup,8,76,15,32.6,87.5,MISS Bazley 8' Driving Layup: Jokic BLOCK (2 BLK)
22100474,2021-22 Regular Season,2021-12-22,Nikola Jokic,Facundo Campazzo,Zeke Nnaji,Bones Hyland,Aaron Gordon,Darius Bazley,Tre Mann,Luguentz Dort,Shai Gilgeous-Alexander,Jeremiah Robinson-Earl,1,18,23,0:01:50,0:10:10,0:00:04,89,DEN,rebound,,,,,,,,,,Bones Hyland,,,,,,rebound defensive,,,,,,Hyland REBOUND (Off:0 Def:1)
22100474,2021-22 Regular Season,2021-12-22,Nikola Jokic,Facundo Campazzo,Zeke Nnaji,Bones Hyland,Aaron Gordon,Darius Bazley,Tre Mann,Luguentz Dort,Shai Gilgeous-Alexander,Jeremiah Robinson-Earl,1,18,23,0:01:42,0:10:18,0:00:08,90,OKC,foul,,,,,,,,Aaron Gordon,,Darius Bazley,,,s.foul,,,shooting,,,,,,Bazley S.FOUL (P1.T4) (D.Taylor)
22100474,2021-22 Regular Season,2021-12-22,Nikola Jokic,Facundo Campazzo,Zeke Nnaji,Bones Hyland,Aaron Gordon,Darius Bazley,Tre Mann,Luguentz Dort,Shai Gilgeous-Alexander,Jeremiah Robinson-Earl,1,18,23,0:01:42,0:10:18,0:00:00,91,OKC,timeout,,,,,,,,,,,,,,,,timeout: regular,,,,,,THUNDER Timeout: Regular (Full 1 Short 0)
22100474,2021-22 Regular Season,2021-12-22,Nikola Jokic,Facundo Campazzo,Zeke Nnaji,Bones Hyland,Aaron Gordon,Darius Bazley,Tre Mann,Luguentz Dort,Aleksej Pokusevski,Jeremiah Robinson-Earl,1,18,23,0:01:42,0:10:18,0:00:00,92,OKC,substitution,,,,,Aleksej Pokusevski,Shai Gilgeous-Alexander,,,,Shai Gilgeous-Alexander,,,,,,sub,,,,,,SUB: Pokusevski FOR Gilgeous-Alexander
22100474,2021-22 Regular Season,2021-12-22,Nikola Jokic,Facundo Campazzo,Zeke Nnaji,Bones Hyland,Aaron Gordon,Darius Bazley,Tre Mann,Kenrich Williams,Aleksej Pokusevski,Jeremiah Robinson-Earl,1,18,23,0:01:42,0:10:18,0:00:00,93,OKC,substitution,,,,,Kenrich Williams,Luguentz Dort,,,,Luguentz Dort,,,,,,sub,,,,,,SUB: Williams FOR Dort
22100474,2021-22 Regular Season,2021-12-22,Nikola Jokic,Facundo Campazzo,Zeke Nnaji,Bones Hyland,Aaron Gordon,Darius Bazley,Tre Mann,Kenrich Williams,Aleksej Pokusevski,Ty Jerome,1,18,23,0:01:42,0:10:18,0:00:00,94,OKC,substitution,,,,,Ty Jerome,Jeremiah Robinson-Earl,,,,Jeremiah Robinson-Earl,,,,,,sub,,,,,,SUB: Jerome FOR Robinson-Earl
22100474,2021-22 Regular Season,2021-12-22,JaMychal Green,Facundo Campazzo,Zeke Nnaji,Bones Hyland,Aaron Gordon,Darius Bazley,Tre Mann,Kenrich Williams,Aleksej Pokusevski,Ty Jerome,1,18,23,0:01:42,0:10:18,0:00:00,95,DEN,substitution,,,,,JaMychal Green,Nikola Jokic,,,,Nikola Jokic,,,,,,sub,,,,,,SUB: Green FOR Jokic
22100474,2021-22 Regular Season,2021-12-22,Nikola Jokic,Facundo Campazzo,Zeke Nnaji,Bones Hyland,Aaron Gordon,Darius Bazley,Tre Mann,Luguentz Dort,Shai Gilgeous-Alexander,Jeremiah Robinson-Earl,1,18,23,0:01:42,0:10:18,0:00:00,96,DEN,free throw,,,,,,,1,,2,Aaron Gordon,0,,,missed,,free throw 1/2,,,,,,MISS Gordon Free Throw 1 of 2
22100474,2021-22 Regular Season,2021-12-22,JaMychal Green,Facundo Campazzo,Zeke Nnaji,Bones Hyland,Aaron Gordon,Darius Bazley,Tre Mann,Kenrich Williams,Aleksej Pokusevski,Ty Jerome,1,18,23,0:01:42,0:10:18,0:00:00,97,DEN,rebound,,,,,,,,,,,,,,,,team rebound,,,,,,Nuggets Rebound
22100474,2021-22 Regular Season,2021-12-22,Nikola Jokic,Facundo Campazzo,Zeke Nnaji,Bones Hyland,Aaron Gordon,Darius Bazley,Tre Mann,Luguentz Dort,Shai Gilgeous-Alexander,Jeremiah Robinson-Earl,1,18,23,0:01:42,0:10:18,0:00:00,98,DEN,free throw,,,,,,,2,,2,Aaron Gordon,0,,,missed,,free throw 2/2,,,,,,MISS Gordon Free Throw 2 of 2
22100474,2021-22 Regular Season,2021-12-22,JaMychal Green,Facundo Campazzo,Zeke Nnaji,Bones Hyland,Aaron Gordon,Darius Bazley,Tre Mann,Kenrich Williams,Aleksej Pokusevski,Ty Jerome,1,18,23,0:01:40,0:10:20,0:00:02,99,OKC,rebound,,,,,,,,,,Ty Jerome,,,,,,rebound defensive,,,,,,Jerome REBOUND (Off:0 Def:1)
22100474,2021-22 Regular Season,2021-12-22,JaMychal Green,Facundo Campazzo,Zeke Nnaji,Bones Hyland,Aaron Gordon,Darius Bazley,Tre Mann,Kenrich Williams,Aleksej Pokusevski,Ty Jerome,1,18,23,0:01:27,0:10:33,0:00:13,100,OKC,shot,,,,,,,,,,Tre Mann,0,,,missed,,driving layup,9,21,83,27.1,80.7,MISS Mann 9' Driving Layup
22100474,2021-22 Regular Season,2021-12-22,JaMychal Green,Facundo Campazzo,Zeke Nnaji,Bones Hyland,Aaron Gordon,Darius Bazley,Tre Mann,Kenrich Williams,Aleksej Pokusevski,Ty Jerome,1,18,23,0:01:25,0:10:35,0:00:02,101,OKC,rebound,,,,,,,,,,Tre Mann,,,,,,rebound offensive,,,,,,Mann REBOUND (Off:1 Def:1)
22100474,2021-22 Regular Season,2021-12-22,JaMychal Green,Facundo Campazzo,Zeke Nnaji,Bones Hyland,Aaron Gordon,Darius Bazley,Tre Mann,Kenrich Williams,Aleksej Pokusevski,Ty Jerome,1,18,25,0:01:24,0:10:36,0:00:01,102,OKC,shot,,,,,,,,,,Tre Mann,2,,,made,,layup,1,6,6,25.6,88.4,Mann 1' Putback Layup (2 PTS)
22100474,2021-22 Regular Season,2021-12-22,JaMychal Green,Facundo Campazzo,Zeke Nnaji,Bones Hyland,Aaron Gordon,Darius Bazley,Tre Mann,Kenrich Williams,Aleksej Pokusevski,Ty Jerome,1,18,25,0:01:12,0:10:48,0:00:12,103,DEN,shot,,,,,,,,,,Aaron Gordon,0,,,missed,,dunk,4,-25,28,27.5,7.800000000000001,MISS Gordon 4' Alley Oop Dunk
22100474,2021-22 Regular Season,2021-12-22,JaMychal Green,Facundo Campazzo,Zeke Nnaji,Bones Hyland,Aaron Gordon,Darius Bazley,Tre Mann,Kenrich Williams,Aleksej Pokusevski,Ty Jerome,1,18,25,0:01:12,0:10:48,0:00:00,104,OKC,rebound,,,,,,,,,,Darius Bazley,,,,,,rebound defensive,,,,,,Bazley REBOUND (Off:0 Def:3)
22100474,2021-22 Regular Season,2021-12-22,JaMychal Green,Facundo Campazzo,Zeke Nnaji,Bones Hyland,Aaron Gordon,Darius Bazley,Tre Mann,Kenrich Williams,Aleksej Pokusevski,Ty Jerome,1,18,25,0:01:02,0:10:58,0:00:10,105,OKC,shot,,,,,,,,,,Kenrich Williams,0,,,missed,,3pt jump shot,25,-175,183,7.5,70.7,MISS Williams 25' 3PT Jump Shot
22100474,2021-22 Regular Season,2021-12-22,JaMychal Green,Facundo Campazzo,Zeke Nnaji,Bones Hyland,Aaron Gordon,Darius Bazley,Tre Mann,Kenrich Williams,Aleksej Pokusevski,Ty Jerome,1,18,25,0:01:02,0:10:58,0:00:00,106,DEN,rebound,,,,,,,,,,Aaron Gordon,,,,,,rebound defensive,,,,,,Gordon REBOUND (Off:0 Def:4)
22100474,2021-22 Regular Season,2021-12-22,JaMychal Green,Facundo Campazzo,Zeke Nnaji,Bones Hyland,Aaron Gordon,Darius Bazley,Tre Mann,Kenrich Williams,Aleksej Pokusevski,Ty Jerome,1,18,25,0:00:53,0:11:07,0:00:09,107,DEN,shot,,,,,,,,,,Facundo Campazzo,0,,,missed,,3pt jump shot,26,99,236,15.1,28.6,MISS Campazzo 26' 3PT Jump Shot
22100474,2021-22 Regular Season,2021-12-22,JaMychal Green,Facundo Campazzo,Zeke Nnaji,Bones Hyland,Aaron Gordon,Darius Bazley,Tre Mann,Kenrich Williams,Aleksej Pokusevski,Ty Jerome,1,18,25,0:00:50,0:11:10,0:00:03,108,OKC,rebound,,,,,,,,,,Darius Bazley,,,,,,rebound defensive,,,,,,Bazley REBOUND (Off:0 Def:4)
22100474,2021-22 Regular Season,2021-12-22,JaMychal Green,Facundo Campazzo,Zeke Nnaji,Bones Hyland,Aaron Gordon,Darius Bazley,Tre Mann,Kenrich Williams,Aleksej Pokusevski,Ty Jerome,1,18,27,0:00:31,0:11:29,0:00:19,109,OKC,shot,Ty Jerome,,,,,,,,,Darius Bazley,2,,,made,,layup,2,-5,14,24.5,87.6,Bazley 1' Layup (2 PTS) (Jerome 1 AST)
22100474,2021-22 Regular Season,2021-12-22,JaMychal Green,Facundo Campazzo,Zeke Nnaji,Bones Hyland,Aaron Gordon,Darius Bazley,Tre Mann,Kenrich Williams,Aleksej Pokusevski,Ty Jerome,1,18,27,0:00:31,0:11:29,0:00:00,110,DEN,foul,,,,,,,,Darius Bazley,,JaMychal Green,,,s.foul,,,shooting,,,,,,Green S.FOUL (P1.T2) (D.Taylor)
22100474,2021-22 Regular Season,2021-12-22,JaMychal Green,Facundo Campazzo,Zeke Nnaji,Bones Hyland,Austin Rivers,Darius Bazley,Tre Mann,Kenrich Williams,Aleksej Pokusevski,Ty Jerome,1,18,27,0:00:31,0:11:29,0:00:00,111,DEN,substitution,,,,,Austin Rivers,Aaron Gordon,,,,Aaron Gordon,,,,,,sub,,,,,,SUB: Rivers FOR Gordon
22100474,2021-22 Regular Season,2021-12-22,JaMychal Green,Facundo Campazzo,Zeke Nnaji,Bones Hyland,Aaron Gordon,Darius Bazley,Tre Mann,Kenrich Williams,Aleksej Pokusevski,Ty Jerome,1,18,28,0:00:31,0:11:29,0:00:00,112,OKC,free throw,,,,,,,1,,1,Darius Bazley,1,,,made,,free throw 1/1,,,,,,Bazley Free Throw 1 of 1 (3 PTS)
22100474,2021-22 Regular Season,2021-12-22,JaMychal Green,Facundo Campazzo,Zeke Nnaji,Bones Hyland,Austin Rivers,Darius Bazley,Tre Mann,Kenrich Williams,Aleksej Pokusevski,Ty Jerome,1,18,28,0:00:07,0:11:53,0:00:24,113,DEN,shot,,,,Darius Bazley,,,,,,Zeke Nnaji,0,,,missed,,cutting dunk shot,6,-47,36,29.7,8.6,Bazley BLOCK (2 BLK): MISS Nnaji 6' Cutting Dunk Shot
22100474,2021-22 Regular Season,2021-12-22,JaMychal Green,Facundo Campazzo,Zeke Nnaji,Bones Hyland,Austin Rivers,Darius Bazley,Tre Mann,Kenrich Williams,Aleksej Pokusevski,Ty Jerome,1,18,28,0:00:04,0:11:56,0:00:03,114,OKC,rebound,,,,,,,,,,Ty Jerome,,,,,,rebound defensive,,,,,,Jerome REBOUND (Off:0 Def:2)
22100474,2021-22 Regular Season,2021-12-22,JaMychal Green,Facundo Campazzo,Zeke Nnaji,Bones Hyland,Austin Rivers,Darius Bazley,Tre Mann,Kenrich Williams,Aleksej Pokusevski,Ty Jerome,1,18,28,0:00:00,0:12:00,0:00:04,115,OKC,turnover,,,,,,,,,,Ty Jerome,,,bad pass,,Bones Hyland,bad pass,,,,,,Jerome Bad Pass Turnover (P1.T3): Hyland STEAL (1 STL)
22100474,2021-22 Regular Season,2021-12-22,JaMychal Green,Facundo Campazzo,Zeke Nnaji,Bones Hyland,Austin Rivers,Darius Bazley,Tre Mann,Kenrich Williams,Aleksej Pokusevski,Ty Jerome,1,18,28,0:00:00,0:12:00,0:00:00,116,DEN,shot,,,,,,,,,,Bones Hyland,0,,,missed,,3pt pullup jump shot,57,-143,556,39.3,60.6,MISS Hyland 57' 3PT Pullup Jump Shot
22100474,2021-22 Regular Season,2021-12-22,JaMychal Green,Facundo Campazzo,Zeke Nnaji,Bones Hyland,Austin Rivers,Darius Bazley,Tre Mann,Kenrich Williams,Aleksej Pokusevski,Ty Jerome,1,18,28,0:00:00,0:12:00,0:00:00,117,DEN,rebound,,,,,,,,,,,,,,,,team rebound,,,,,,Nuggets Rebound
22100474,2021-22 Regular Season,2021-12-22,JaMychal Green,Facundo Campazzo,Zeke Nnaji,Bones Hyland,Austin Rivers,Darius Bazley,Tre Mann,Kenrich Williams,Aleksej Pokusevski,Ty Jerome,1,18,28,0:00:00,0:12:00,0:00:00,118,,end of period,,,,,,,,,,,,,,,,end of period,,,,,,
22100474,2021-22 Regular Season,2021-12-22,Bones Hyland,JaMychal Green,Facundo Campazzo,Zeke Nnaji,Austin Rivers,Aleksej Pokusevski,Kenrich Williams,Tre Mann,Ty Jerome,Darius Bazley,2,18,28,0:12:00,0:00:00,0:00:00,119,,start of period,,,,,,,,,,,,,,,,start of period,,,,,,
22100474,2021-22 Regular Season,2021-12-22,Bones Hyland,JaMychal Green,Facundo Campazzo,Zeke Nnaji,Austin Rivers,Aleksej Pokusevski,Kenrich Williams,Tre Mann,Ty Jerome,Darius Bazley,2,18,28,0:11:51,0:00:09,0:00:09,120,DEN,turnover,,,,,,,,,,Bones Hyland,,,bad pass,,Aleksej Pokusevski,bad pass,,,,,,Pokusevski STEAL (1 STL): Hyland Bad Pass Turnover (P1.T2)
22100474,2021-22 Regular Season,2021-12-22,Bones Hyland,JaMychal Green,Facundo Campazzo,Zeke Nnaji,Austin Rivers,Aleksej Pokusevski,Kenrich Williams,Tre Mann,Ty Jerome,Darius Bazley,2,18,28,0:11:39,0:00:21,0:00:12,121,DEN,foul,,,,,,,,Aleksej Pokusevski,,Bones Hyland,,,p.foul,,,personal,,,,,,Hyland P.FOUL (P1.T1) (B.Kennedy)
22100474,2021-22 Regular Season,2021-12-22,Bones Hyland,JaMychal Green,Facundo Campazzo,Zeke Nnaji,Austin Rivers,Aleksej Pokusevski,Kenrich Williams,Tre Mann,Ty Jerome,Darius Bazley,2,18,28,0:11:33,0:00:27,0:00:06,122,OKC,turnover,,,,,,,,,,Aleksej Pokusevski,,,bad pass,,JaMychal Green,bad pass,,,,,,Pokusevski Bad Pass Turnover (P1.T4): Green STEAL (1 STL)
22100474,2021-22 Regular Season,2021-12-22,Bones Hyland,JaMychal Green,Facundo Campazzo,Zeke Nnaji,Austin Rivers,Aleksej Pokusevski,Kenrich Williams,Tre Mann,Ty Jerome,Darius Bazley,2,18,28,0:11:29,0:00:31,0:00:04,123,DEN,shot,,,,,,,,,,Facundo Campazzo,0,,,missed,,layup,4,-33,12,28.3,6.2,MISS Campazzo 4' Running Layup
22100474,2021-22 Regular Season,2021-12-22,Bones Hyland,JaMychal Green,Facundo Campazzo,Zeke Nnaji,Austin Rivers,Aleksej Pokusevski,Kenrich Williams,Tre Mann,Ty Jerome,Darius Bazley,2,18,28,0:11:29,0:00:31,0:00:00,124,DEN,rebound,,,,,,,,,,,,,,,,rebound offensive,,,,,,Nuggets Rebound
22100474,2021-22 Regular Season,2021-12-22,Bones Hyland,JaMychal Green,Facundo Campazzo,Zeke Nnaji,Austin Rivers,Aleksej Pokusevski,Kenrich Williams,Tre Mann,Ty Jerome,Darius Bazley,2,18,28,0:11:29,0:00:31,0:00:00,125,OKC,foul,,,,,,,,Bones Hyland,,Kenrich Williams,,,l.b.foul,,,loose ball,,,,,,Williams L.B.FOUL (P1.T1) (P.Ransom)
22100474,2021-22 Regular Season,2021-12-22,Bones Hyland,JaMychal Green,Facundo Campazzo,Zeke Nnaji,Austin Rivers,Aleksej Pokusevski,Kenrich Williams,Tre Mann,Ty Jerome,Darius Bazley,2,21,28,0:11:21,0:00:39,0:00:08,126,DEN,shot,,,,,,,,,,Bones Hyland,3,,,made,,3pt pullup jump shot,27,176,207,7.399999999999999,25.700000000000003,Hyland 27' 3PT Pullup Jump Shot (3 PTS)
22100474,2021-22 Regular Season,2021-12-22,Bones Hyland,JaMychal Green,Facundo Campazzo,Zeke Nnaji,Austin Rivers,Aleksej Pokusevski,Kenrich Williams,Tre Mann,Ty Jerome,Darius Bazley,2,21,28,0:11:00,0:01:00,0:00:21,127,OKC,shot,,,,,,,,,,Tre Mann,0,,,missed,,3pt jump shot,26,-208,162,4.199999999999999,72.8,MISS Mann 26' 3PT Jump Shot
22100474,2021-22 Regular Season,2021-12-22,Bones Hyland,JaMychal Green,Facundo Campazzo,Zeke Nnaji,Austin Rivers,Aleksej Pokusevski,Kenrich Williams,Tre Mann,Ty Jerome,Darius Bazley,2,21,28,0:10:56,0:01:04,0:00:04,128,DEN,rebound,,,,,,,,,,Facundo Campazzo,,,,,,rebound defensive,,,,,,Campazzo REBOUND (Off:0 Def:1)
22100474,2021-22 Regular Season,2021-12-22,Bones Hyland,JaMychal Green,Facundo Campazzo,Zeke Nnaji,Austin Rivers,Aleksej Pokusevski,Kenrich Williams,Tre Mann,Ty Jerome,Darius Bazley,2,23,28,0:10:52,0:01:08,0:00:04,129,DEN,shot,,,,,,,,,,Facundo Campazzo,2,,,made,,layup,4,-9,37,25.9,8.7,Campazzo 4' Running Layup (2 PTS)
22100474,2021-22 Regular Season,2021-12-22,Bones Hyland,JaMychal Green,Facundo Campazzo,Zeke Nnaji,Austin Rivers,Aleksej Pokusevski,Kenrich Williams,Tre Mann,Ty Jerome,Darius Bazley,2,23,28,0:10:33,0:01:27,0:00:19,130,OKC,turnover,,,,,,,,,,Aleksej Pokusevski,,,bad pass,,JaMychal Green,bad pass,,,,,,Pokusevski Bad Pass Turnover (P2.T5): Green STEAL (2 STL)
22100474,2021-22 Regular Season,2021-12-22,Bones Hyland,JaMychal Green,Facundo Campazzo,Zeke Nnaji,Austin Rivers,Aleksej Pokusevski,Kenrich Williams,Tre Mann,Ty Jerome,Darius Bazley,2,23,28,0:10:27,0:01:33,0:00:06,131,OKC,foul,,,,,,,,Bones Hyland,,Tre Mann,,,p.foul,,,personal,,,,,,Mann P.FOUL (P1.T2) (D.Taylor)
22100474,2021-22 Regular Season,2021-12-22,Bones Hyland,JaMychal Green,Facundo Campazzo,Zeke Nnaji,Austin Rivers,Aleksej Pokusevski,Kenrich Williams,Tre Mann,Josh Giddey,Darius Bazley,2,23,28,0:10:27,0:01:33,0:00:00,132,OKC,substitution,,,,,Josh Giddey,Ty Jerome,,,,Ty Jerome,,,,,,sub,,,,,,SUB: Giddey FOR Jerome
22100474,2021-22 Regular Season,2021-12-22,Bones Hyland,JaMychal Green,Facundo Campazzo,Zeke Nnaji,Austin Rivers,Aleksej Pokusevski,Kenrich Williams,Tre Mann,Josh Giddey,Darius Bazley,2,23,28,0:10:22,0:01:38,0:00:05,133,OKC,foul,,,,,,,,Bones Hyland,,Kenrich Williams,,,p.foul,,,personal,,,,,,Williams P.FOUL (P2.T3) (B.Kennedy)
22100474,2021-22 Regular Season,2021-12-22,Bones Hyland,JaMychal Green,Facundo Campazzo,Zeke Nnaji,Austin Rivers,Aleksej Pokusevski,Kenrich Williams,Tre Mann,Josh Giddey,Darius Bazley,2,25,28,0:10:13,0:01:47,0:00:09,134,DEN,shot,,,,,,,,,,Bones Hyland,2,,,made,,floating jump shot,8,33,69,21.7,11.9,Hyland 8' Floating Jump Shot (5 PTS)
22100474,2021-22 Regular Season,2021-12-22,Bones Hyland,JaMychal Green,Facundo Campazzo,Zeke Nnaji,Austin Rivers,Aleksej Pokusevski,Kenrich Williams,Tre Mann,Josh Giddey,Darius Bazley,2,25,28,0:10:02,0:01:58,0:00:11,135,DEN,foul,,,,,,,,Josh Giddey,,JaMychal Green,,,s.foul,,,shooting,,,,,,Green S.FOUL (P2.T2) (B.Kennedy)
22100474,2021-22 Regular Season,2021-12-22,Bones Hyland,JaMychal Green,Facundo Campazzo,Zeke Nnaji,Austin Rivers,Aleksej Pokusevski,Kenrich Williams,Tre Mann,Josh Giddey,Darius Bazley,2,25,28,0:10:02,0:01:58,0:00:00,136,OKC,free throw,,,,,,,1,,2,Josh Giddey,0,,,missed,,free throw 1/2,,,,,,MISS Giddey Free Throw 1 of 2
22100474,2021-22 Regular Season,2021-12-22,Bones Hyland,JaMychal Green,Facundo Campazzo,Zeke Nnaji,Austin Rivers,Aleksej Pokusevski,Kenrich Williams,Tre Mann,Josh Giddey,Darius Bazley,2,25,28,0:10:02,0:01:58,0:00:00,137,OKC,rebound,,,,,,,,,,,,,,,,team rebound,,,,,,THUNDER Rebound
22100474,2021-22 Regular Season,2021-12-22,Bones Hyland,JaMychal Green,Facundo Campazzo,Zeke Nnaji,Austin Rivers,Aleksej Pokusevski,Kenrich Williams,Tre Mann,Josh Giddey,Darius Bazley,2,25,29,0:10:02,0:01:58,0:00:00,138,OKC,free throw,,,,,,,2,,2,Josh Giddey,1,,,made,,free throw 2/2,,,,,,Giddey Free Throw 2 of 2 (3 PTS)
22100474,2021-22 Regular Season,2021-12-22,Bones Hyland,JaMychal Green,Facundo Campazzo,Zeke Nnaji,Austin Rivers,Aleksej Pokusevski,Kenrich Williams,Tre Mann,Josh Giddey,Darius Bazley,2,25,29,0:09:45,0:02:15,0:00:17,139,OKC,foul,,,,,,,,JaMychal Green,,Tre Mann,,,p.foul,,,personal,,,,,,Mann P.FOUL (P2.T4) (B.Kennedy)
22100474,2021-22 Regular Season,2021-12-22,Bones Hyland,JaMychal Green,Facundo Campazzo,Zeke Nnaji,Austin Rivers,Aleksej Pokusevski,Kenrich Williams,Tre Mann,Josh Giddey,Darius Bazley,2,25,29,0:09:39,0:02:21,0:00:06,140,DEN,shot,,,,,,,,,,Zeke Nnaji,0,,,missed,,3pt jump shot,25,-225,116,47.5,16.6,MISS Nnaji 25' 3PT Jump Shot
22100474,2021-22 Regular Season,2021-12-22,Bones Hyland,JaMychal Green,Facundo Campazzo,Zeke Nnaji,Austin Rivers,Aleksej Pokusevski,Kenrich Williams,Tre Mann,Josh Giddey,Darius Bazley,2,25,29,0:09:37,0:02:23,0:00:02,141,OKC,rebound,,,,,,,,,,Kenrich Williams,,,,,,rebound defensive,,,,,,Williams REBOUND (Off:0 Def:1)
22100474,2021-22 Regular Season,2021-12-22,Bones Hyland,JaMychal Green,Facundo Campazzo,Zeke Nnaji,Austin Rivers,Aleksej Pokusevski,Kenrich Williams,Tre Mann,Josh Giddey,Darius Bazley,2,25,29,0:09:37,0:02:23,0:00:00,142,DEN,foul,,,,,,,,Kenrich Williams,,Bones Hyland,,,personal take foul,,,personal take,,,,,,Hyland Personal Take Foul (P2.T3) (P.Ransom)
22100474,2021-22 Regular Season,2021-12-22,Monte Morris,JaMychal Green,Facundo Campazzo,Zeke Nnaji,Austin Rivers,Aleksej Pokusevski,Kenrich Williams,Tre Mann,Josh Giddey,Darius Bazley,2,25,29,0:09:37,0:02:23,0:00:00,143,DEN,substitution,,,,,Monte Morris,Bones Hyland,,,,Bones Hyland,,,,,,sub,,,,,,SUB: Morris FOR Hyland
22100474,2021-22 Regular Season,2021-12-22,Monte Morris,JaMychal Green,Facundo Campazzo,Zeke Nnaji,Austin Rivers,Aleksej Pokusevski,Kenrich Williams,Tre Mann,Josh Giddey,Darius Bazley,2,25,29,0:09:37,0:02:23,0:00:00,144,OKC,timeout,,,,,,,,,,,,,,,,timeout: regular,,,,,,THUNDER Timeout: Regular (Full 2 Short 0)
22100474,2021-22 Regular Season,2021-12-22,Monte Morris,JaMychal Green,Facundo Campazzo,Zeke Nnaji,Austin Rivers,Aleksej Pokusevski,Kenrich Williams,Tre Mann,Josh Giddey,Darius Bazley,2,25,31,0:09:27,0:02:33,0:00:10,145,OKC,shot,,,,,,,,,,Josh Giddey,2,,,made,,driving layup,2,15,-5,26.5,89.5,Giddey 2' Driving Layup (5 PTS)
22100474,2021-22 Regular Season,2021-12-22,Monte Morris,JaMychal Green,Facundo Campazzo,Zeke Nnaji,Austin Rivers,Aleksej Pokusevski,Kenrich Williams,Tre Mann,Josh Giddey,Darius Bazley,2,28,31,0:09:09,0:02:51,0:00:18,146,DEN,shot,Facundo Campazzo,,,,,,,,,JaMychal Green,3,,,made,,3pt jump shot,26,-114,238,36.4,28.8,Green 26' 3PT Jump Shot (3 PTS) (Campazzo 1 AST)
22100474,2021-22 Regular Season,2021-12-22,Monte Morris,JaMychal Green,Facundo Campazzo,Zeke Nnaji,Austin Rivers,Aleksej Pokusevski,Kenrich Williams,Tre Mann,Josh Giddey,Darius Bazley,2,28,31,0:08:47,0:03:13,0:00:22,147,OKC,shot,,,,,,,,,,Tre Mann,0,,,missed,,jump shot,21,40,206,29.0,68.4,MISS Mann 21' Pullup Jump Shot
22100474,2021-22 Regular Season,2021-12-22,Monte Morris,JaMychal Green,Facundo Campazzo,Zeke Nnaji,Austin Rivers,Aleksej Pokusevski,Kenrich Williams,Tre Mann,Josh Giddey,Darius Bazley,2,28,31,0:08:43,0:03:17,0:00:04,148,DEN,rebound,,,,,,,,,,JaMychal Green,,,,,,rebound defensive,,,,,,Green REBOUND (Off:0 Def:1)
22100474,2021-22 Regular Season,2021-12-22,Monte Morris,JaMychal Green,Facundo Campazzo,Zeke Nnaji,Austin Rivers,Aleksej Pokusevski,Kenrich Williams,Tre Mann,Josh Giddey,Darius Bazley,2,28,31,0:08:37,0:03:23,0:00:06,149,OKC,foul,,,,,,,,Austin Rivers,,Aleksej Pokusevski,,,s.foul,,,shooting,,,,,,Pokusevski S.FOUL (P1.PN) (P.Ransom)
22100474,2021-22 Regular Season,2021-12-22,Monte Morris,JaMychal Green,Facundo Campazzo,Zeke Nnaji,Austin Rivers,Aleksej Pokusevski,Kenrich Williams,Tre Mann,Josh Giddey,Darius Bazley,2,29,31,0:08:37,0:03:23,0:00:00,150,DEN,free throw,,,,,,,1,,2,Austin Rivers,1,,,made,,free throw 1/2,,,,,,Rivers Free Throw 1 of 2 (1 PTS)
22100474,2021-22 Regular Season,2021-12-22,Monte Morris,JaMychal Green,Facundo Campazzo,Zeke Nnaji,Austin Rivers,Aleksej Pokusevski,Kenrich Williams,Tre Mann,Josh Giddey,Darius Bazley,2,30,31,0:08:37,0:03:23,0:00:00,151,DEN,free throw,,,,,,,2,,2,Austin Rivers,1,,,made,,free throw 2/2,,,,,,Rivers Free Throw 2 of 2 (2 PTS)
22100474,2021-22 Regular Season,2021-12-22,Monte Morris,JaMychal Green,Facundo Campazzo,Zeke Nnaji,Austin Rivers,Aleksej Pokusevski,Kenrich Williams,Tre Mann,Josh Giddey,Darius Bazley,2,30,33,0:08:24,0:03:36,0:00:13,152,OKC,shot,,,,,,,,,,Kenrich Williams,2,,,made,,driving layup,1,-6,-7,24.4,89.7,Williams 1' Driving Layup (2 PTS)
22100474,2021-22 Regular Season,2021-12-22,Monte Morris,JaMychal Green,Facundo Campazzo,Zeke Nnaji,Austin Rivers,Aleksej Pokusevski,Kenrich Williams,Tre Mann,Josh Giddey,Darius Bazley,2,30,33,0:07:59,0:04:01,0:00:25,153,DEN,shot,,,,,,,,,,Facundo Campazzo,0,,,missed,,3pt pullup jump shot,26,-135,225,38.5,27.5,MISS Campazzo 26' 3PT Pullup Jump Shot
22100474,2021-22 Regular Season,2021-12-22,Monte Morris,JaMychal Green,Facundo Campazzo,Zeke Nnaji,Austin Rivers,Aleksej Pokusevski,Kenrich Williams,Tre Mann,Josh Giddey,Darius Bazley,2,30,33,0:07:53,0:04:07,0:00:06,154,OKC,rebound,,,,,,,,,,Kenrich Williams,,,,,,rebound defensive,,,,,,Williams REBOUND (Off:0 Def:2)
22100474,2021-22 Regular Season,2021-12-22,Monte Morris,JaMychal Green,Facundo Campazzo,Zeke Nnaji,Austin Rivers,Aleksej Pokusevski,Kenrich Williams,Tre Mann,Josh Giddey,Darius Bazley,2,30,36,0:07:44,0:04:16,0:00:09,155,OKC,shot,Josh Giddey,,,,,,,,,Tre Mann,3,,,made,,3pt jump shot,25,109,224,35.9,66.6,Mann 25' 3PT Jump Shot (5 PTS) (Giddey 1 AST)
22100474,2021-22 Regular Season,2021-12-22,Monte Morris,JaMychal Green,Facundo Campazzo,Zeke Nnaji,Austin Rivers,Aleksej Pokusevski,Kenrich Williams,Tre Mann,Josh Giddey,Darius Bazley,2,30,36,0:07:25,0:04:35,0:00:19,156,OKC,foul,,,,,,,,Zeke Nnaji,,Kenrich Williams,,,s.foul,,,shooting,,,,,,Williams S.FOUL (P3.PN) (D.Taylor)
22100474,2021-22 Regular Season,2021-12-22,Monte Morris,JaMychal Green,Facundo Campazzo,Zeke Nnaji,Austin Rivers,Aleksej Pokusevski,Kenrich Williams,Tre Mann,Josh Giddey,Darius Bazley,2,30,36,0:07:25,0:04:35,0:00:00,157,DEN,free throw,,,,,,,1,,2,Zeke Nnaji,0,,,missed,,free throw 1/2,,,,,,MISS Nnaji Free Throw 1 of 2
22100474,2021-22 Regular Season,2021-12-22,Monte Morris,JaMychal Green,Facundo Campazzo,Zeke Nnaji,Austin Rivers,Aleksej Pokusevski,Kenrich Williams,Tre Mann,Josh Giddey,Darius Bazley,2,30,36,0:07:25,0:04:35,0:00:00,158,DEN,rebound,,,,,,,,,,,,,,,,team rebound,,,,,,Nuggets Rebound
22100474,2021-22 Regular Season,2021-12-22,Monte Morris,JaMychal Green,Facundo Campazzo,Zeke Nnaji,Austin Rivers,Aleksej Pokusevski,Kenrich Williams,Tre Mann,Josh Giddey,Darius Bazley,2,30,36,0:07:25,0:04:35,0:00:00,159,DEN,free throw,,,,,,,2,,2,Zeke Nnaji,0,,,missed,,free throw 2/2,,,,,,MISS Nnaji Free Throw 2 of 2
22100474,2021-22 Regular Season,2021-12-22,Monte Morris,JaMychal Green,Facundo Campazzo,Zeke Nnaji,Austin Rivers,Isaiah Roby,Kenrich Williams,Tre Mann,Josh Giddey,Darius Bazley,2,30,36,0:07:25,0:04:35,0:00:00,160,OKC,substitution,,,,,Isaiah Roby,Aleksej Pokusevski,,,,Aleksej Pokusevski,,,,,,sub,,,,,,SUB: Roby FOR Pokusevski
22100474,2021-22 Regular Season,2021-12-22,Monte Morris,Nikola Jokic,Facundo Campazzo,Zeke Nnaji,Austin Rivers,Isaiah Roby,Kenrich Williams,Tre Mann,Josh Giddey,Darius Bazley,2,30,36,0:07:25,0:04:35,0:00:00,161,DEN,substitution,,,,,Nikola Jokic,JaMychal Green,,,,JaMychal Green,,,,,,sub,,,,,,SUB: Jokic FOR Green
22100474,2021-22 Regular Season,2021-12-22,Monte Morris,Nikola Jokic,Facundo Campazzo,Zeke Nnaji,Austin Rivers,Isaiah Roby,Kenrich Williams,Tre Mann,Josh Giddey,Darius Bazley,2,30,36,0:07:23,0:04:37,0:00:02,162,OKC,rebound,,,,,,,,,,Isaiah Roby,,,,,,rebound defensive,,,,,,Roby REBOUND (Off:0 Def:1)
22100474,2021-22 Regular Season,2021-12-22,Monte Morris,Nikola Jokic,Facundo Campazzo,Zeke Nnaji,Austin Rivers,Isaiah Roby,Kenrich Williams,Tre Mann,Josh Giddey,Darius Bazley,2,30,38,0:07:07,0:04:53,0:00:16,163,OKC,shot,,,,,,,,,,Darius Bazley,2,,,made,,driving dunk,1,-12,-2,23.8,89.2,Bazley 1' Driving Dunk (5 PTS)
22100474,2021-22 Regular Season,2021-12-22,Monte Morris,Nikola Jokic,Facundo Campazzo,Zeke Nnaji,Austin Rivers,Isaiah Roby,Kenrich Williams,Tre Mann,Josh Giddey,Darius Bazley,2,30,38,0:06:48,0:05:12,0:00:19,164,DEN,shot,,,,,,,,,,Austin Rivers,0,,,missed,,layup,4,31,16,21.9,6.6,MISS Rivers 3' Layup
22100474,2021-22 Regular Season,2021-12-22,Monte Morris,Nikola Jokic,Facundo Campazzo,Zeke Nnaji,Austin Rivers,Isaiah Roby,Kenrich Williams,Tre Mann,Josh Giddey,Darius Bazley,2,30,38,0:06:44,0:05:16,0:00:04,165,OKC,rebound,,,,,,,,,,Isaiah Roby,,,,,,rebound defensive,,,,,,Roby REBOUND (Off:0 Def:2)
22100474,2021-22 Regular Season,2021-12-22,Monte Morris,Nikola Jokic,Facundo Campazzo,Zeke Nnaji,Austin Rivers,Isaiah Roby,Kenrich Williams,Tre Mann,Josh Giddey,Darius Bazley,2,30,38,0:06:37,0:05:23,0:00:07,166,OKC,shot,,,,,,,,,,Isaiah Roby,0,,,missed,,jump shot,21,20,208,27.0,68.2,MISS Roby 21' Jump Shot
22100474,2021-22 Regular Season,2021-12-22,Monte Morris,Nikola Jokic,Facundo Campazzo,Zeke Nnaji,Austin Rivers,Isaiah Roby,Kenrich Williams,Tre Mann,Josh Giddey,Darius Bazley,2,30,38,0:06:35,0:05:25,0:00:02,167,DEN,rebound,,,,,,,,,,Austin Rivers,,,,,,rebound defensive,,,,,,Rivers REBOUND (Off:0 Def:1)
22100474,2021-22 Regular Season,2021-12-22,Monte Morris,Nikola Jokic,Facundo Campazzo,Zeke Nnaji,Austin Rivers,Isaiah Roby,Kenrich Williams,Tre Mann,Josh Giddey,Darius Bazley,2,30,38,0:06:26,0:05:34,0:00:09,168,DEN,turnover,,,,,,,,,,Facundo Campazzo,,,bad pass,,Kenrich Williams,bad pass,,,,,,Williams STEAL (1 STL): Campazzo Bad Pass Turnover (P1.T3)
22100474,2021-22 Regular Season,2021-12-22,Monte Morris,Nikola Jokic,Facundo Campazzo,Zeke Nnaji,Austin Rivers,Isaiah Roby,Kenrich Williams,Tre Mann,Josh Giddey,Darius Bazley,2,30,40,0:06:23,0:05:37,0:00:03,169,OKC,shot,Kenrich Williams,,,,,,,,,Tre Mann,2,,,made,,layup,1,13,-2,26.3,89.2,Mann 1' Running Layup (7 PTS) (Williams 1 AST)
22100474,2021-22 Regular Season,2021-12-22,Monte Morris,Nikola Jokic,Facundo Campazzo,Zeke Nnaji,Austin Rivers,Isaiah Roby,Kenrich Williams,Tre Mann,Josh Giddey,Darius Bazley,2,30,40,0:06:21,0:05:39,0:00:02,170,DEN,timeout,,,,,,,,,,,,,,,,timeout: regular,,,,,,Nuggets Timeout: Regular (Reg.2 Short 0)
22100474,2021-22 Regular Season,2021-12-22,Monte Morris,Nikola Jokic,Facundo Campazzo,Zeke Nnaji,Austin Rivers,Isaiah Roby,Kenrich Williams,Shai Gilgeous-Alexander,Josh Giddey,Darius Bazley,2,30,40,0:06:21,0:05:39,0:00:00,171,OKC,substitution,,,,,Shai Gilgeous-Alexander,Tre Mann,,,,Tre Mann,,,,,,sub,,,,,,SUB: Gilgeous-Alexander FOR Mann
22100474,2021-22 Regular Season,2021-12-22,Monte Morris,Nikola Jokic,Aaron Gordon,Zeke Nnaji,Austin Rivers,Isaiah Roby,Kenrich Williams,Shai Gilgeous-Alexander,Josh Giddey,Darius Bazley,2,30,40,0:06:21,0:05:39,0:00:00,172,DEN,substitution,,,,,Aaron Gordon,Facundo Campazzo,,,,Facundo Campazzo,,,,,,sub,,,,,,SUB: Gordon FOR Campazzo
22100474,2021-22 Regular Season,2021-12-22,Monte Morris,Nikola Jokic,Aaron Gordon,Will Barton,Austin Rivers,Isaiah Roby,Kenrich Williams,Shai Gilgeous-Alexander,Josh Giddey,Darius Bazley,2,30,40,0:06:21,0:05:39,0:00:00,173,DEN,substitution,,,,,Will Barton,Zeke Nnaji,,,,Zeke Nnaji,,,,,,sub,,,,,,SUB: Barton FOR Nnaji
22100474,2021-22 Regular Season,2021-12-22,Monte Morris,Nikola Jokic,Aaron Gordon,Will Barton,Jeff Green,Isaiah Roby,Kenrich Williams,Shai Gilgeous-Alexander,Josh Giddey,Darius Bazley,2,30,40,0:06:21,0:05:39,0:00:00,174,DEN,substitution,,,,,Jeff Green,Austin Rivers,,,,Austin Rivers,,,,,,sub,,,,,,SUB: Green FOR Rivers
22100474,2021-22 Regular Season,2021-12-22,Monte Morris,Nikola Jokic,Aaron Gordon,Will Barton,Jeff Green,Isaiah Roby,Kenrich Williams,Shai Gilgeous-Alexander,Josh Giddey,Darius Bazley,2,32,40,0:06:03,0:05:57,0:00:18,175,DEN,shot,,,,,,,,,,Nikola Jokic,2,,,made,,hook shot,2,22,12,22.8,6.2,Jokic 3' Turnaround Hook Shot (7 PTS)
22100474,2021-22 Regular Season,2021-12-22,Monte Morris,Nikola Jokic,Aaron Gordon,Will Barton,Jeff Green,Isaiah Roby,Kenrich Williams,Shai Gilgeous-Alexander,Josh Giddey,Darius Bazley,2,32,43,0:05:46,0:06:14,0:00:17,176,OKC,shot,Josh Giddey,,,,,,,,,Darius Bazley,3,,,made,,3pt jump shot,23,-230,-16,2.0,90.6,Bazley 3PT Jump Shot (8 PTS) (Giddey 2 AST)
22100474,2021-22 Regular Season,2021-12-22,Monte Morris,Nikola Jokic,Aaron Gordon,Will Barton,Jeff Green,Isaiah Roby,Kenrich Williams,Shai Gilgeous-Alexander,Josh Giddey,Darius Bazley,2,34,43,0:05:26,0:06:34,0:00:20,177,DEN,shot,Aaron Gordon,,,,,,,,,Will Barton,2,,,made,,fadeaway jumper,12,56,104,19.4,15.4,Barton 12' Fadeaway Jumper (4 PTS) (Gordon 2 AST)
22100474,2021-22 Regular Season,2021-12-22,Monte Morris,Nikola Jokic,Aaron Gordon,Will Barton,Jeff Green,Isaiah Roby,Kenrich Williams,Shai Gilgeous-Alexander,Josh Giddey,Darius Bazley,2,34,45,0:05:14,0:06:46,0:00:12,178,OKC,shot,,,,,,,,,,Shai Gilgeous-Alexander,2,,,made,,jump shot,14,65,119,31.5,77.1,Gilgeous-Alexander 14' Pullup Jump Shot (10 PTS)
22100474,2021-22 Regular Season,2021-12-22,Monte Morris,Nikola Jokic,Aaron Gordon,Will Barton,Jeff Green,Isaiah Roby,Kenrich Williams,Shai Gilgeous-Alexander,Josh Giddey,Darius Bazley,2,36,45,0:05:02,0:06:58,0:00:12,179,DEN,shot,,,,,,,,,,Nikola Jokic,2,,,made,,layup,3,1,27,24.9,7.7,Jokic 3' Layup (9 PTS)
22100474,2021-22 Regular Season,2021-12-22,Monte Morris,Nikola Jokic,Aaron Gordon,Will Barton,Jeff Green,Isaiah Roby,Kenrich Williams,Shai Gilgeous-Alexander,Josh Giddey,Darius Bazley,2,36,45,0:05:02,0:06:58,0:00:00,180,OKC,foul,,,,,,,,Nikola Jokic,,Isaiah Roby,,,s.foul,,,shooting,,,,,,Roby S.FOUL (P1.PN) (B.Kennedy)
22100474,2021-22 Regular Season,2021-12-22,Monte Morris,Nikola Jokic,Aaron Gordon,Will Barton,Jeff Green,Luguentz Dort,Kenrich Williams,Shai Gilgeous-Alexander,Josh Giddey,Darius Bazley,2,36,45,0:05:02,0:06:58,0:00:00,181,OKC,substitution,,,,,Luguentz Dort,Isaiah Roby,,,,Isaiah Roby,,,,,,sub,,,,,,SUB: Dort FOR Roby
22100474,2021-22 Regular Season,2021-12-22,Monte Morris,Nikola Jokic,Aaron Gordon,Will Barton,Jeff Green,Luguentz Dort,Jeremiah Robinson-Earl,Shai Gilgeous-Alexander,Josh Giddey,Darius Bazley,2,36,45,0:05:02,0:06:58,0:00:00,182,OKC,substitution,,,,,Jeremiah Robinson-Earl,Kenrich Williams,,,,Kenrich Williams,,,,,,sub,,,,,,SUB: Robinson-Earl FOR Williams
22100474,2021-22 Regular Season,2021-12-22,Monte Morris,Nikola Jokic,Aaron Gordon,Will Barton,Jeff Green,Isaiah Roby,Kenrich Williams,Shai Gilgeous-Alexander,Josh Giddey,Darius Bazley,2,37,45,0:05:02,0:06:58,0:00:00,183,DEN,free throw,,,,,,,1,,1,Nikola Jokic,1,,,made,,free throw 1/1,,,,,,Jokic Free Throw 1 of 1 (10 PTS)
22100474,2021-22 Regular Season,2021-12-22,Monte Morris,Nikola Jokic,Aaron Gordon,Will Barton,Jeff Green,Luguentz Dort,Jeremiah Robinson-Earl,Shai Gilgeous-Alexander,Josh Giddey,Darius Bazley,2,37,45,0:04:50,0:07:10,0:00:12,184,DEN,foul,,,,,,,,Luguentz Dort,,Jeff Green,,,p.foul,,,personal,,,,,,Green P.FOUL (P1.T4) (B.Kennedy)
22100474,2021-22 Regular Season,2021-12-22,Monte Morris,Nikola Jokic,Aaron Gordon,Will Barton,Jeff Green,Luguentz Dort,Jeremiah Robinson-Earl,Shai Gilgeous-Alexander,Josh Giddey,Darius Bazley,2,37,45,0:04:40,0:07:20,0:00:10,185,OKC,shot,,,,,,,,,,Jeremiah Robinson-Earl,0,,,missed,,3pt jump shot,25,-1,250,24.9,64.0,MISS Robinson-Earl 25' 3PT Jump Shot
22100474,2021-22 Regular Season,2021-12-22,Monte Morris,Nikola Jokic,Aaron Gordon,Will Barton,Jeff Green,Luguentz Dort,Jeremiah Robinson-Earl,Shai Gilgeous-Alexander,Josh Giddey,Darius Bazley,2,37,45,0:04:36,0:07:24,0:00:04,186,DEN,rebound,,,,,,,,,,Nikola Jokic,,,,,,rebound defensive,,,,,,Jokic REBOUND (Off:0 Def:3)
22100474,2021-22 Regular Season,2021-12-22,Monte Morris,Nikola Jokic,Aaron Gordon,Will Barton,Jeff Green,Luguentz Dort,Jeremiah Robinson-Earl,Shai Gilgeous-Alexander,Josh Giddey,Darius Bazley,2,37,45,0:04:36,0:07:24,0:00:00,187,DEN,turnover,,,,,,,,,,Nikola Jokic,,,bad pass,,,bad pass,,,,,,Jokic Out of Bounds - Bad Pass Turnover Turnover (P2.T4)
22100474,2021-22 Regular Season,2021-12-22,Monte Morris,Nikola Jokic,Aaron Gordon,Will Barton,Jeff Green,Luguentz Dort,Jeremiah Robinson-Earl,Shai Gilgeous-Alexander,Josh Giddey,Darius Bazley,2,37,45,0:04:25,0:07:35,0:00:11,188,OKC,shot,,,,,,,,,,Josh Giddey,0,,,missed,,3pt jump shot,25,-214,125,3.599999999999998,76.5,MISS Giddey 25' 3PT Jump Shot
22100474,2021-22 Regular Season,2021-12-22,Monte Morris,Nikola Jokic,Aaron Gordon,Will Barton,Jeff Green,Luguentz Dort,Jeremiah Robinson-Earl,Shai Gilgeous-Alexander,Josh Giddey,Darius Bazley,2,37,45,0:04:21,0:07:39,0:00:04,189,DEN,rebound,,,,,,,,,,Nikola Jokic,,,,,,rebound defensive,,,,,,Jokic REBOUND (Off:0 Def:4)
22100474,2021-22 Regular Season,2021-12-22,Monte Morris,Nikola Jokic,Aaron Gordon,Will Barton,Jeff Green,Luguentz Dort,Jeremiah Robinson-Earl,Shai Gilgeous-Alexander,Josh Giddey,Darius Bazley,2,39,45,0:04:09,0:07:51,0:00:12,190,DEN,shot,Nikola Jokic,,,,,,,,,Aaron Gordon,2,,,made,,layup,2,13,18,23.7,6.8,Gordon 2' Layup (4 PTS) (Jokic 3 AST)
22100474,2021-22 Regular Season,2021-12-22,Monte Morris,Nikola Jokic,Aaron Gordon,Will Barton,Jeff Green,Luguentz Dort,Jeremiah Robinson-Earl,Shai Gilgeous-Alexander,Josh Giddey,Darius Bazley,2,39,45,0:04:09,0:07:51,0:00:00,191,OKC,foul,,,,,,,,Aaron Gordon,,Luguentz Dort,,,s.foul,,,shooting,,,,,,Dort S.FOUL (P1.PN) (P.Ransom)
22100474,2021-22 Regular Season,2021-12-22,Monte Morris,Nikola Jokic,Aaron Gordon,Will Barton,Jeff Green,Luguentz Dort,Jeremiah Robinson-Earl,Shai Gilgeous-Alexander,Ty Jerome,Darius Bazley,2,39,45,0:04:09,0:07:51,0:00:00,192,OKC,substitution,,,,,Ty Jerome,Josh Giddey,,,,Josh Giddey,,,,,,sub,,,,,,SUB: Jerome FOR Giddey
22100474,2021-22 Regular Season,2021-12-22,Monte Morris,Nikola Jokic,Aaron Gordon,Will Barton,Jeff Green,Luguentz Dort,Jeremiah Robinson-Earl,Shai Gilgeous-Alexander,Ty Jerome,Derrick Favors,2,39,45,0:04:09,0:07:51,0:00:00,193,OKC,substitution,,,,,Derrick Favors,Darius Bazley,,,,Darius Bazley,,,,,,sub,,,,,,SUB: Favors FOR Bazley
22100474,2021-22 Regular Season,2021-12-22,Monte Morris,Nikola Jokic,Aaron Gordon,Will Barton,Jeff Green,Luguentz Dort,Jeremiah Robinson-Earl,Shai Gilgeous-Alexander,Josh Giddey,Darius Bazley,2,40,45,0:04:09,0:07:51,0:00:00,194,DEN,free throw,,,,,,,1,,1,Aaron Gordon,1,,,made,,free throw 1/1,,,,,,Gordon Free Throw 1 of 1 (5 PTS)
22100474,2021-22 Regular Season,2021-12-22,Monte Morris,Nikola Jokic,Aaron Gordon,Will Barton,Jeff Green,Luguentz Dort,Jeremiah Robinson-Earl,Shai Gilgeous-Alexander,Ty Jerome,Derrick Favors,2,40,47,0:03:58,0:08:02,0:00:11,195,OKC,shot,,,,,,,,,,Shai Gilgeous-Alexander,2,,,made,,jump shot,11,6,114,25.6,77.6,Gilgeous-Alexander 11' Pullup Jump Shot (12 PTS)
22100474,2021-22 Regular Season,2021-12-22,Monte Morris,Nikola Jokic,Aaron Gordon,Will Barton,Jeff Green,Luguentz Dort,Jeremiah Robinson-Earl,Shai Gilgeous-Alexander,Ty Jerome,Derrick Favors,2,43,47,0:03:38,0:08:22,0:00:20,196,DEN,shot,Jeff Green,,,,,,,,,Aaron Gordon,3,,,made,,3pt jump shot,26,206,154,4.399999999999999,20.4,Gordon 26' 3PT Jump Shot (8 PTS) (Green 1 AST)
22100474,2021-22 Regular Season,2021-12-22,Monte Morris,Nikola Jokic,Aaron Gordon,Will Barton,Jeff Green,Luguentz Dort,Jeremiah Robinson-Earl,Shai Gilgeous-Alexander,Ty Jerome,Derrick Favors,2,43,49,0:03:26,0:08:34,0:00:12,197,OKC,shot,,,,,,,,,,Shai Gilgeous-Alexander,2,,,made,,layup,2,16,-1,26.6,89.1,Gilgeous-Alexander 2' Driving Finger Roll Layup (14 PTS)
22100474,2021-22 Regular Season,2021-12-22,Monte Morris,Nikola Jokic,Aaron Gordon,Will Barton,Jeff Green,Luguentz Dort,Jeremiah Robinson-Earl,Shai Gilgeous-Alexander,Ty Jerome,Derrick Favors,2,43,49,0:03:14,0:08:46,0:00:12,198,DEN,shot,,,,,,,,,,Will Barton,0,,,missed,,3pt jump shot,26,-161,205,41.1,25.5,MISS Barton 26' 3PT Jump Shot
22100474,2021-22 Regular Season,2021-12-22,Monte Morris,Nikola Jokic,Aaron Gordon,Will Barton,Jeff Green,Luguentz Dort,Jeremiah Robinson-Earl,Shai Gilgeous-Alexander,Ty Jerome,Derrick Favors,2,43,49,0:03:11,0:08:49,0:00:03,199,OKC,rebound,,,,,,,,,,Ty Jerome,,,,,,rebound defensive,,,,,,Jerome REBOUND (Off:0 Def:3)
22100474,2021-22 Regular Season,2021-12-22,Monte Morris,Nikola Jokic,Aaron Gordon,Will Barton,Jeff Green,Luguentz Dort,Jeremiah Robinson-Earl,Shai Gilgeous-Alexander,Ty Jerome,Derrick Favors,2,43,49,0:03:00,0:09:00,0:00:11,200,OKC,shot,,,,,,,,,,Shai Gilgeous-Alexander,0,,,missed,,3pt step back jump shot,26,-197,164,5.299999999999997,72.6,MISS Gilgeous-Alexander 26' 3PT Step Back Jump Shot
22100474,2021-22 Regular Season,2021-12-22,Monte Morris,Nikola Jokic,Aaron Gordon,Will Barton,Jeff Green,Luguentz Dort,Jeremiah Robinson-Earl,Shai Gilgeous-Alexander,Ty Jerome,Derrick Favors,2,43,49,0:02:57,0:09:03,0:00:03,201,OKC,rebound,,,,,,,,,,Shai Gilgeous-Alexander,,,,,,rebound offensive,,,,,,Gilgeous-Alexander REBOUND (Off:1 Def:2)
22100474,2021-22 Regular Season,2021-12-22,Monte Morris,Nikola Jokic,Aaron Gordon,Will Barton,Jeff Green,Luguentz Dort,Jeremiah Robinson-Earl,Shai Gilgeous-Alexander,Ty Jerome,Derrick Favors,2,43,51,0:02:56,0:09:04,0:00:01,202,OKC,shot,,,,,,,,,,Shai Gilgeous-Alexander,2,,,made,,dunk,1,5,5,25.5,88.5,Gilgeous-Alexander 1' Dunk (16 PTS)
22100474,2021-22 Regular Season,2021-12-22,Monte Morris,Nikola Jokic,Aaron Gordon,Will Barton,Jeff Green,Luguentz Dort,Jeremiah Robinson-Earl,Shai Gilgeous-Alexander,Ty Jerome,Derrick Favors,2,43,51,0:02:40,0:09:20,0:00:16,203,OKC,foul,,,,,,,,Monte Morris,,Shai Gilgeous-Alexander,,,s.foul,,,shooting,,,,,,Gilgeous-Alexander S.FOUL (P2.PN) (P.Ransom)
22100474,2021-22 Regular Season,2021-12-22,Monte Morris,Nikola Jokic,Aaron Gordon,Will Barton,Jeff Green,Luguentz Dort,Jeremiah Robinson-Earl,Shai Gilgeous-Alexander,Ty Jerome,Derrick Favors,2,44,51,0:02:40,0:09:20,0:00:00,204,DEN,free throw,,,,,,,1,,2,Monte Morris,1,,,made,,free throw 1/2,,,,,,Morris Free Throw 1 of 2 (4 PTS)
22100474,2021-22 Regular Season,2021-12-22,Monte Morris,Nikola Jokic,Aaron Gordon,Will Barton,Jeff Green,Luguentz Dort,Jeremiah Robinson-Earl,Shai Gilgeous-Alexander,Ty Jerome,Derrick Favors,2,45,51,0:02:40,0:09:20,0:00:00,205,DEN,free throw,,,,,,,2,,2,Monte Morris,1,,,made,,free throw 2/2,,,,,,Morris Free Throw 2 of 2 (5 PTS)
22100474,2021-22 Regular Season,2021-12-22,Monte Morris,Nikola Jokic,Aaron Gordon,Will Barton,Jeff Green,Luguentz Dort,Jeremiah Robinson-Earl,Shai Gilgeous-Alexander,Ty Jerome,Derrick Favors,2,45,53,0:02:22,0:09:38,0:00:18,206,OKC,shot,,,,,,,,,,Ty Jerome,2,,,made,,layup,5,47,3,29.7,88.7,Jerome 5' Layup (2 PTS)
22100474,2021-22 Regular Season,2021-12-22,Monte Morris,Nikola Jokic,Aaron Gordon,Will Barton,Jeff Green,Luguentz Dort,Jeremiah Robinson-Earl,Shai Gilgeous-Alexander,Ty Jerome,Derrick Favors,2,48,53,0:02:06,0:09:54,0:00:16,207,DEN,shot,Monte Morris,,,,,,,,,Will Barton,3,,,made,,3pt jump shot,24,225,78,2.5,12.8,Barton 24' 3PT Jump Shot (7 PTS) (Morris 4 AST)
22100474,2021-22 Regular Season,2021-12-22,Monte Morris,Nikola Jokic,Aaron Gordon,Will Barton,Jeff Green,Luguentz Dort,Jeremiah Robinson-Earl,Shai Gilgeous-Alexander,Ty Jerome,Derrick Favors,2,48,53,0:01:48,0:10:12,0:00:18,208,OKC,shot,,,,,,,,,,Shai Gilgeous-Alexander,0,,,missed,,3pt pullup jump shot,26,147,210,39.7,68.0,MISS Gilgeous-Alexander 26' 3PT Pullup Jump Shot
22100474,2021-22 Regular Season,2021-12-22,Monte Morris,Nikola Jokic,Aaron Gordon,Will Barton,Jeff Green,Luguentz Dort,Jeremiah Robinson-Earl,Shai Gilgeous-Alexander,Ty Jerome,Derrick Favors,2,48,53,0:01:44,0:10:16,0:00:04,209,DEN,rebound,,,,,,,,,,Will Barton,,,,,,rebound defensive,,,,,,Barton REBOUND (Off:2 Def:2)
22100474,2021-22 Regular Season,2021-12-22,Monte Morris,Nikola Jokic,Aaron Gordon,Will Barton,Jeff Green,Luguentz Dort,Jeremiah Robinson-Earl,Shai Gilgeous-Alexander,Ty Jerome,Derrick Favors,2,48,53,0:01:42,0:10:18,0:00:02,210,DEN,turnover,,,,,,,,,,Will Barton,,,out of bounds lost ball,,,out of bounds lost ball,,,,,,Barton Out of Bounds Lost Ball Turnover (P1.T5)
22100474,2021-22 Regular Season,2021-12-22,Monte Morris,Nikola Jokic,Aaron Gordon,Will Barton,Jeff Green,Luguentz Dort,Jeremiah Robinson-Earl,Shai Gilgeous-Alexander,Ty Jerome,Derrick Favors,2,48,55,0:01:34,0:10:26,0:00:08,211,OKC,shot,Shai Gilgeous-Alexander,,,,,,,,,Derrick Favors,2,,,made,,jump shot,14,65,126,31.5,76.4,Favors 14' Jump Shot (2 PTS) (Gilgeous-Alexander 3 AST)
22100474,2021-22 Regular Season,2021-12-22,Monte Morris,Nikola Jokic,Aaron Gordon,Will Barton,Jeff Green,Luguentz Dort,Jeremiah Robinson-Earl,Shai Gilgeous-Alexander,Ty Jerome,Derrick Favors,2,50,55,0:01:13,0:10:47,0:00:21,212,DEN,shot,,,,,,,,,,Monte Morris,2,,,made,,jump shot,17,-118,125,36.8,17.5,Morris 17' Pullup Jump Shot (7 PTS)
22100474,2021-22 Regular Season,2021-12-22,Monte Morris,Nikola Jokic,Aaron Gordon,Will Barton,Jeff Green,Luguentz Dort,Jeremiah Robinson-Earl,Shai Gilgeous-Alexander,Ty Jerome,Derrick Favors,2,50,57,0:01:00,0:11:00,0:00:13,213,OKC,shot,Shai Gilgeous-Alexander,,,,,,,,,Derrick Favors,2,,,made,,driving floating jump shot,7,-59,38,19.1,85.2,Favors 7' Driving Floating Jump Shot (4 PTS) (Gilgeous-Alexander 4 AST)
22100474,2021-22 Regular Season,2021-12-22,Monte Morris,Nikola Jokic,Aaron Gordon,Will Barton,Jeff Green,Luguentz Dort,Jeremiah Robinson-Earl,Shai Gilgeous-Alexander,Ty Jerome,Derrick Favors,2,50,57,0:00:49,0:11:11,0:00:11,214,DEN,shot,,,,,,,,,,Monte Morris,0,,,missed,,jump shot,21,-87,188,33.7,23.8,MISS Morris 21' Pullup Jump Shot
22100474,2021-22 Regular Season,2021-12-22,Monte Morris,Nikola Jokic,Aaron Gordon,Will Barton,Jeff Green,Luguentz Dort,Jeremiah Robinson-Earl,Shai Gilgeous-Alexander,Ty Jerome,Derrick Favors,2,50,57,0:00:47,0:11:13,0:00:02,215,OKC,rebound,,,,,,,,,,Shai Gilgeous-Alexander,,,,,,rebound defensive,,,,,,Gilgeous-Alexander REBOUND (Off:1 Def:3)
22100474,2021-22 Regular Season,2021-12-22,Monte Morris,Nikola Jokic,Aaron Gordon,Will Barton,Jeff Green,Luguentz Dort,Jeremiah Robinson-Earl,Shai Gilgeous-Alexander,Ty Jerome,Derrick Favors,2,50,59,0:00:44,0:11:16,0:00:03,216,OKC,shot,,,,,,,,,,Shai Gilgeous-Alexander,2,,,made,,layup,1,-9,-4,24.1,89.4,Gilgeous-Alexander 1' Running Layup (18 PTS)
22100474,2021-22 Regular Season,2021-12-22,Monte Morris,Nikola Jokic,Aaron Gordon,Will Barton,Jeff Green,Luguentz Dort,Jeremiah Robinson-Earl,Shai Gilgeous-Alexander,Ty Jerome,Derrick Favors,2,50,59,0:00:44,0:11:16,0:00:00,217,DEN,foul,,,,,,,,Shai Gilgeous-Alexander,,Will Barton,,,s.foul,,,shooting,,,,,,Barton S.FOUL (P2.PN) (P.Ransom)
22100474,2021-22 Regular Season,2021-12-22,Monte Morris,Nikola Jokic,Aaron Gordon,Will Barton,Jeff Green,Luguentz Dort,Jeremiah Robinson-Earl,Shai Gilgeous-Alexander,Josh Giddey,Derrick Favors,2,50,59,0:00:44,0:11:16,0:00:00,218,OKC,substitution,,,,,Josh Giddey,Ty Jerome,,,,Ty Jerome,,,,,,sub,,,,,,SUB: Giddey FOR Jerome
22100474,2021-22 Regular Season,2021-12-22,Monte Morris,Nikola Jokic,Aaron Gordon,Will Barton,Jeff Green,Luguentz Dort,Jeremiah Robinson-Earl,Shai Gilgeous-Alexander,Ty Jerome,Derrick Favors,2,50,60,0:00:44,0:11:16,0:00:00,219,OKC,free throw,,,,,,,1,,1,Shai Gilgeous-Alexander,1,,,made,,free throw 1/1,,,,,,Gilgeous-Alexander Free Throw 1 of 1 (19 PTS)
22100474,2021-22 Regular Season,2021-12-22,Monte Morris,Nikola Jokic,Aaron Gordon,Will Barton,Jeff Green,Luguentz Dort,Jeremiah Robinson-Earl,Shai Gilgeous-Alexander,Josh Giddey,Derrick Favors,2,50,60,0:00:34,0:11:26,0:00:10,220,DEN,shot,,,,,,,,,,Nikola Jokic,0,,,missed,,3pt pullup jump shot,27,-2,269,25.2,31.900000000000002,MISS Jokic 27' 3PT Pullup Jump Shot
22100474,2021-22 Regular Season,2021-12-22,Monte Morris,Nikola Jokic,Aaron Gordon,Will Barton,Jeff Green,Luguentz Dort,Jeremiah Robinson-Earl,Shai Gilgeous-Alexander,Josh Giddey,Derrick Favors,2,50,60,0:00:30,0:11:30,0:00:04,221,OKC,rebound,,,,,,,,,,Shai Gilgeous-Alexander,,,,,,rebound defensive,,,,,,Gilgeous-Alexander REBOUND (Off:1 Def:4)
22100474,2021-22 Regular Season,2021-12-22,Monte Morris,Nikola Jokic,Aaron Gordon,Will Barton,Jeff Green,Luguentz Dort,Jeremiah Robinson-Earl,Shai Gilgeous-Alexander,Josh Giddey,Derrick Favors,2,50,60,0:00:22,0:11:38,0:00:08,222,OKC,shot,,,,,,,,,,Shai Gilgeous-Alexander,0,,,missed,,3pt step back jump shot,26,165,199,41.5,69.1,MISS Gilgeous-Alexander 26' 3PT Step Back Jump Shot
22100474,2021-22 Regular Season,2021-12-22,Monte Morris,Nikola Jokic,Aaron Gordon,Will Barton,Jeff Green,Luguentz Dort,Jeremiah Robinson-Earl,Shai Gilgeous-Alexander,Josh Giddey,Derrick Favors,2,50,60,0:00:17,0:11:43,0:00:05,223,DEN,rebound,,,,,,,,,,Nikola Jokic,,,,,,rebound defensive,,,,,,Jokic REBOUND (Off:0 Def:5)
22100474,2021-22 Regular Season,2021-12-22,Monte Morris,Nikola Jokic,Aaron Gordon,Will Barton,Jeff Green,Luguentz Dort,Jeremiah Robinson-Earl,Shai Gilgeous-Alexander,Josh Giddey,Derrick Favors,2,52,60,0:00:02,0:11:58,0:00:15,224,DEN,shot,Monte Morris,,,,,,,,,Aaron Gordon,2,,,made,,layup,2,-17,16,26.7,6.6,Gordon 2' Alley Oop Layup (10 PTS) (Morris 5 AST)
22100474,2021-22 Regular Season,2021-12-22,Monte Morris,Nikola Jokic,Aaron Gordon,Will Barton,Jeff Green,Luguentz Dort,Jeremiah Robinson-Earl,Shai Gilgeous-Alexander,Josh Giddey,Derrick Favors,2,52,60,0:00:00,0:12:00,0:00:02,225,,end of period,,,,,,,,,,,,,,,,end of period,,,,,,
22100474,2021-22 Regular Season,2021-12-22,Nikola Jokic,Monte Morris,Will Barton,Jeff Green,Aaron Gordon,Josh Giddey,Luguentz Dort,Derrick Favors,Jeremiah Robinson-Earl,Shai Gilgeous-Alexander,3,52,60,0:12:00,0:00:00,0:00:00,226,,start of period,,,,,,,,,,,,,,,,start of period,,,,,,
22100474,2021-22 Regular Season,2021-12-22,Nikola Jokic,Monte Morris,Will Barton,Jeff Green,Aaron Gordon,Josh Giddey,Luguentz Dort,Derrick Favors,Jeremiah Robinson-Earl,Shai Gilgeous-Alexander,3,52,60,0:11:42,0:00:18,0:00:18,227,DEN,shot,,,,,,,,,,Nikola Jokic,0,,,missed,,jump shot,16,-25,159,27.5,20.9,MISS Jokic 16' Jump Shot
22100474,2021-22 Regular Season,2021-12-22,Nikola Jokic,Monte Morris,Will Barton,Jeff Green,Aaron Gordon,Josh Giddey,Luguentz Dort,Derrick Favors,Jeremiah Robinson-Earl,Shai Gilgeous-Alexander,3,52,60,0:11:38,0:00:22,0:00:04,228,OKC,rebound,,,,,,,,,,Josh Giddey,,,,,,rebound defensive,,,,,,Giddey REBOUND (Off:0 Def:3)
22100474,2021-22 Regular Season,2021-12-22,Nikola Jokic,Monte Morris,Will Barton,Jeff Green,Aaron Gordon,Josh Giddey,Luguentz Dort,Derrick Favors,Jeremiah Robinson-Earl,Shai Gilgeous-Alexander,3,52,60,0:11:22,0:00:38,0:00:16,229,OKC,shot,,,,,,,,,,Luguentz Dort,0,,,missed,,3pt jump shot,29,-162,238,8.8,65.2,MISS Dort 29' 3PT Jump Shot
22100474,2021-22 Regular Season,2021-12-22,Nikola Jokic,Monte Morris,Will Barton,Jeff Green,Aaron Gordon,Josh Giddey,Luguentz Dort,Derrick Favors,Jeremiah Robinson-Earl,Shai Gilgeous-Alexander,3,52,60,0:11:18,0:00:42,0:00:04,230,DEN,rebound,,,,,,,,,,Monte Morris,,,,,,rebound defensive,,,,,,Morris REBOUND (Off:0 Def:1)
22100474,2021-22 Regular Season,2021-12-22,Nikola Jokic,Monte Morris,Will Barton,Jeff Green,Aaron Gordon,Josh Giddey,Luguentz Dort,Derrick Favors,Jeremiah Robinson-Earl,Shai Gilgeous-Alexander,3,52,60,0:11:10,0:00:50,0:00:08,231,DEN,shot,,,,,,,,,,Will Barton,0,,,missed,,3pt jump shot,26,-161,206,41.1,25.6,MISS Barton 26' 3PT Jump Shot
22100474,2021-22 Regular Season,2021-12-22,Nikola Jokic,Monte Morris,Will Barton,Jeff Green,Aaron Gordon,Josh Giddey,Luguentz Dort,Derrick Favors,Jeremiah Robinson-Earl,Shai Gilgeous-Alexander,3,52,60,0:11:06,0:00:54,0:00:04,232,OKC,rebound,,,,,,,,,,Derrick Favors,,,,,,rebound defensive,,,,,,Favors REBOUND (Off:0 Def:3)
22100474,2021-22 Regular Season,2021-12-22,Nikola Jokic,Monte Morris,Will Barton,Jeff Green,Aaron Gordon,Josh Giddey,Luguentz Dort,Derrick Favors,Jeremiah Robinson-Earl,Shai Gilgeous-Alexander,3,52,60,0:10:56,0:01:04,0:00:10,233,OKC,shot,,,,,,,,,,Luguentz Dort,0,,,missed,,3pt jump shot,24,210,125,46.0,76.5,MISS Dort 24' 3PT Jump Shot
22100474,2021-22 Regular Season,2021-12-22,Nikola Jokic,Monte Morris,Will Barton,Jeff Green,Aaron Gordon,Josh Giddey,Luguentz Dort,Derrick Favors,Jeremiah Robinson-Earl,Shai Gilgeous-Alexander,3,52,60,0:10:53,0:01:07,0:00:03,234,DEN,rebound,,,,,,,,,,Nikola Jokic,,,,,,rebound defensive,,,,,,Jokic REBOUND (Off:0 Def:6)
22100474,2021-22 Regular Season,2021-12-22,Nikola Jokic,Monte Morris,Will Barton,Jeff Green,Aaron Gordon,Josh Giddey,Luguentz Dort,Derrick Favors,Jeremiah Robinson-Earl,Shai Gilgeous-Alexander,3,52,60,0:10:40,0:01:20,0:00:13,235,DEN,turnover,,,,,,,,,,Jeff Green,,,bad pass,,Derrick Favors,bad pass,,,,,,Favors STEAL (1 STL): Green Bad Pass Turnover (P1.T6)
22100474,2021-22 Regular Season,2021-12-22,Nikola Jokic,Monte Morris,Will Barton,Jeff Green,Aaron Gordon,Josh Giddey,Luguentz Dort,Derrick Favors,Jeremiah Robinson-Earl,Shai Gilgeous-Alexander,3,52,60,0:10:32,0:01:28,0:00:08,236,OKC,shot,,,,,,,,,,Jeremiah Robinson-Earl,0,,,missed,,layup,2,-20,15,23.0,87.5,MISS Robinson-Earl 3' Running Layup
22100474,2021-22 Regular Season,2021-12-22,Nikola Jokic,Monte Morris,Will Barton,Jeff Green,Aaron Gordon,Josh Giddey,Luguentz Dort,Derrick Favors,Jeremiah Robinson-Earl,Shai Gilgeous-Alexander,3,52,60,0:10:29,0:01:31,0:00:03,237,OKC,rebound,,,,,,,,,,Jeremiah Robinson-Earl,,,,,,rebound offensive,,,,,,Robinson-Earl REBOUND (Off:2 Def:2)
22100474,2021-22 Regular Season,2021-12-22,Nikola Jokic,Monte Morris,Will Barton,Jeff Green,Aaron Gordon,Josh Giddey,Luguentz Dort,Derrick Favors,Jeremiah Robinson-Earl,Shai Gilgeous-Alexander,3,52,62,0:10:29,0:01:31,0:00:00,238,OKC,shot,,,,,,,,,,Jeremiah Robinson-Earl,2,,,made,,layup,0,0,0,25.0,89.0,Robinson-Earl Tip Layup Shot (9 PTS)
22100474,2021-22 Regular Season,2021-12-22,Nikola Jokic,Monte Morris,Will Barton,Jeff Green,Aaron Gordon,Josh Giddey,Luguentz Dort,Derrick Favors,Jeremiah Robinson-Earl,Shai Gilgeous-Alexander,3,52,62,0:10:13,0:01:47,0:00:16,239,DEN,shot,,,,,,,,,,Will Barton,0,,,missed,,3pt jump shot,26,154,204,9.6,25.400000000000002,MISS Barton 26' 3PT Jump Shot
22100474,2021-22 Regular Season,2021-12-22,Nikola Jokic,Monte Morris,Will Barton,Jeff Green,Aaron Gordon,Josh Giddey,Luguentz Dort,Derrick Favors,Jeremiah Robinson-Earl,Shai Gilgeous-Alexander,3,52,62,0:10:10,0:01:50,0:00:03,240,OKC,rebound,,,,,,,,,,Derrick Favors,,,,,,rebound defensive,,,,,,Favors REBOUND (Off:0 Def:4)
22100474,2021-22 Regular Season,2021-12-22,Nikola Jokic,Monte Morris,Will Barton,Jeff Green,Aaron Gordon,Josh Giddey,Luguentz Dort,Derrick Favors,Jeremiah Robinson-Earl,Shai Gilgeous-Alexander,3,52,64,0:09:54,0:02:06,0:00:16,241,OKC,shot,,,,,,,,,,Shai Gilgeous-Alexander,2,,,made,,driving layup,2,23,10,27.3,88.0,Gilgeous-Alexander 3' Driving Layup (21 PTS)
22100474,2021-22 Regular Season,2021-12-22,Nikola Jokic,Monte Morris,Will Barton,Jeff Green,Aaron Gordon,Josh Giddey,Luguentz Dort,Derrick Favors,Jeremiah Robinson-Earl,Shai Gilgeous-Alexander,3,54,64,0:09:31,0:02:29,0:00:23,242,DEN,shot,Will Barton,,,,,,,,,Aaron Gordon,2,,,made,,cutting dunk shot,1,5,5,24.5,5.5,Gordon 1' Cutting Dunk Shot (12 PTS) (Barton 1 AST)
22100474,2021-22 Regular Season,2021-12-22,Nikola Jokic,Monte Morris,Will Barton,Jeff Green,Aaron Gordon,Josh Giddey,Luguentz Dort,Derrick Favors,Jeremiah Robinson-Earl,Shai Gilgeous-Alexander,3,54,66,0:09:06,0:02:54,0:00:25,243,OKC,shot,Shai Gilgeous-Alexander,,,,,,,,,Derrick Favors,2,,,made,,jump shot,15,-44,147,20.6,74.3,Favors 15' Jump Shot (6 PTS) (Gilgeous-Alexander 5 AST)
22100474,2021-22 Regular Season,2021-12-22,Nikola Jokic,Monte Morris,Will Barton,Jeff Green,Aaron Gordon,Josh Giddey,Luguentz Dort,Derrick Favors,Jeremiah Robinson-Earl,Shai Gilgeous-Alexander,3,54,66,0:08:54,0:03:06,0:00:12,244,DEN,turnover,,,,,,,,,,Nikola Jokic,,,bad pass,,,bad pass,,,,,,Jokic Out of Bounds - Bad Pass Turnover Turnover (P3.T7)
22100474,2021-22 Regular Season,2021-12-22,Nikola Jokic,Monte Morris,Will Barton,Jeff Green,Aaron Gordon,Josh Giddey,Luguentz Dort,Derrick Favors,Jeremiah Robinson-Earl,Shai Gilgeous-Alexander,3,54,68,0:08:45,0:03:15,0:00:09,245,OKC,shot,Shai Gilgeous-Alexander,,,,,,,,,Derrick Favors,2,,,made,,jump shot,14,-54,134,19.6,75.6,Favors 14' Jump Shot (8 PTS) (Gilgeous-Alexander 6 AST)
22100474,2021-22 Regular Season,2021-12-22,Nikola Jokic,Monte Morris,Will Barton,Jeff Green,Aaron Gordon,Josh Giddey,Luguentz Dort,Derrick Favors,Jeremiah Robinson-Earl,Shai Gilgeous-Alexander,3,54,68,0:08:43,0:03:17,0:00:02,246,DEN,timeout,,,,,,,,,,,,,,,,timeout: regular,,,,,,Nuggets Timeout: Regular (Reg.3 Short 0)
22100474,2021-22 Regular Season,2021-12-22,Nikola Jokic,Monte Morris,Will Barton,Jeff Green,Aaron Gordon,Josh Giddey,Luguentz Dort,Derrick Favors,Jeremiah Robinson-Earl,Shai Gilgeous-Alexander,3,54,68,0:08:32,0:03:28,0:00:11,247,OKC,violation,,,,,,,,,,Jeremiah Robinson-Earl,,,,,,kicked ball,,,,,,Robinson-Earl Violation:Kicked Ball (D.Taylor)
22100474,2021-22 Regular Season,2021-12-22,Nikola Jokic,Monte Morris,Will Barton,Jeff Green,Aaron Gordon,Josh Giddey,Luguentz Dort,Derrick Favors,Jeremiah Robinson-Earl,Shai Gilgeous-Alexander,3,57,68,0:08:26,0:03:34,0:00:06,248,DEN,shot,Will Barton,,,,,,,,,Nikola Jokic,3,,,made,,3pt jump shot,25,-45,248,29.5,29.8,Jokic 25' 3PT Jump Shot (13 PTS) (Barton 2 AST)
22100474,2021-22 Regular Season,2021-12-22,Nikola Jokic,Monte Morris,Will Barton,Jeff Green,Aaron Gordon,Josh Giddey,Luguentz Dort,Derrick Favors,Jeremiah Robinson-Earl,Shai Gilgeous-Alexander,3,57,68,0:07:58,0:04:02,0:00:28,249,OKC,shot,,,,,,,,,,Derrick Favors,0,,,missed,,jump shot,14,-64,125,18.6,76.5,MISS Favors 14' Jump Shot
22100474,2021-22 Regular Season,2021-12-22,Nikola Jokic,Monte Morris,Will Barton,Jeff Green,Aaron Gordon,Josh Giddey,Luguentz Dort,Derrick Favors,Jeremiah Robinson-Earl,Shai Gilgeous-Alexander,3,57,68,0:07:55,0:04:05,0:00:03,250,DEN,rebound,,,,,,,,,,Nikola Jokic,,,,,,rebound defensive,,,,,,Jokic REBOUND (Off:0 Def:7)
22100474,2021-22 Regular Season,2021-12-22,Nikola Jokic,Monte Morris,Will Barton,Jeff Green,Aaron Gordon,Josh Giddey,Luguentz Dort,Derrick Favors,Jeremiah Robinson-Earl,Shai Gilgeous-Alexander,3,57,68,0:07:45,0:04:15,0:00:10,251,DEN,shot,,,,,,,,,,Will Barton,0,,,missed,,3pt jump shot,26,232,121,1.7999999999999972,17.1,MISS Barton 26' 3PT Jump Shot
22100474,2021-22 Regular Season,2021-12-22,Nikola Jokic,Monte Morris,Will Barton,Jeff Green,Aaron Gordon,Josh Giddey,Luguentz Dort,Derrick Favors,Jeremiah Robinson-Earl,Shai Gilgeous-Alexander,3,57,68,0:07:42,0:04:18,0:00:03,252,OKC,rebound,,,,,,,,,,Luguentz Dort,,,,,,rebound defensive,,,,,,Dort REBOUND (Off:1 Def:1)
22100474,2021-22 Regular Season,2021-12-22,Nikola Jokic,Monte Morris,Will Barton,Jeff Green,Aaron Gordon,Josh Giddey,Luguentz Dort,Derrick Favors,Jeremiah Robinson-Earl,Shai Gilgeous-Alexander,3,57,68,0:07:30,0:04:30,0:00:12,253,OKC,shot,,,,,,,,,,Shai Gilgeous-Alexander,0,,,missed,,jump shot,15,-70,134,18.0,75.6,MISS Gilgeous-Alexander 15' Pullup Jump Shot
22100474,2021-22 Regular Season,2021-12-22,Nikola Jokic,Monte Morris,Will Barton,Jeff Green,Aaron Gordon,Josh Giddey,Luguentz Dort,Derrick Favors,Jeremiah Robinson-Earl,Shai Gilgeous-Alexander,3,57,68,0:07:28,0:04:32,0:00:02,254,DEN,rebound,,,,,,,,,,Will Barton,,,,,,rebound defensive,,,,,,Barton REBOUND (Off:2 Def:3)
22100474,2021-22 Regular Season,2021-12-22,Nikola Jokic,Monte Morris,Will Barton,Jeff Green,Aaron Gordon,Josh Giddey,Luguentz Dort,Derrick Favors,Jeremiah Robinson-Earl,Shai Gilgeous-Alexander,3,57,68,0:07:21,0:04:39,0:00:07,255,OKC,foul,,,,,,,,Nikola Jokic,,Derrick Favors,,,p.foul,,,personal,,,,,,Favors P.FOUL (P2.T1) (P.Ransom)
22100474,2021-22 Regular Season,2021-12-22,Nikola Jokic,Monte Morris,Will Barton,Jeff Green,Aaron Gordon,Josh Giddey,Luguentz Dort,Derrick Favors,Jeremiah Robinson-Earl,Shai Gilgeous-Alexander,3,57,68,0:07:12,0:04:48,0:00:09,256,DEN,turnover,,,,,,,,,,Aaron Gordon,,,bad pass,,Jeremiah Robinson-Earl,bad pass,,,,,,Robinson-Earl STEAL (1 STL): Gordon Bad Pass Turnover (P1.T8)
22100474,2021-22 Regular Season,2021-12-22,Nikola Jokic,Monte Morris,Will Barton,Jeff Green,Aaron Gordon,Josh Giddey,Luguentz Dort,Derrick Favors,Jeremiah Robinson-Earl,Shai Gilgeous-Alexander,3,57,68,0:07:02,0:04:58,0:00:10,257,DEN,foul,,,,,,,,Josh Giddey,,Jeff Green,,,s.foul,,,shooting,,,,,,Green S.FOUL (P2.T1) (B.Kennedy)
22100474,2021-22 Regular Season,2021-12-22,Nikola Jokic,Monte Morris,Will Barton,Jeff Green,Aaron Gordon,Josh Giddey,Luguentz Dort,Derrick Favors,Jeremiah Robinson-Earl,Shai Gilgeous-Alexander,3,57,69,0:07:02,0:04:58,0:00:00,258,OKC,free throw,,,,,,,1,,2,Josh Giddey,1,,,made,,free throw 1/2,,,,,,Giddey Free Throw 1 of 2 (6 PTS)
22100474,2021-22 Regular Season,2021-12-22,Nikola Jokic,Monte Morris,Will Barton,Jeff Green,Aaron Gordon,Josh Giddey,Luguentz Dort,Derrick Favors,Jeremiah Robinson-Earl,Shai Gilgeous-Alexander,3,57,70,0:07:02,0:04:58,0:00:00,259,OKC,free throw,,,,,,,2,,2,Josh Giddey,1,,,made,,free throw 2/2,,,,,,Giddey Free Throw 2 of 2 (7 PTS)
22100474,2021-22 Regular Season,2021-12-22,Nikola Jokic,Monte Morris,Will Barton,Jeff Green,Aaron Gordon,Josh Giddey,Luguentz Dort,Derrick Favors,Jeremiah Robinson-Earl,Shai Gilgeous-Alexander,3,57,70,0:06:45,0:05:15,0:00:17,260,DEN,shot,,,,,,,,,,Jeff Green,0,,,missed,,3pt jump shot,24,234,22,1.5999999999999979,7.2,MISS Green 24' 3PT Jump Shot
22100474,2021-22 Regular Season,2021-12-22,Nikola Jokic,Monte Morris,Will Barton,Jeff Green,Aaron Gordon,Josh Giddey,Luguentz Dort,Derrick Favors,Jeremiah Robinson-Earl,Shai Gilgeous-Alexander,3,57,70,0:06:39,0:05:21,0:00:06,261,OKC,rebound,,,,,,,,,,Shai Gilgeous-Alexander,,,,,,rebound defensive,,,,,,Gilgeous-Alexander REBOUND (Off:1 Def:5)
22100474,2021-22 Regular Season,2021-12-22,Nikola Jokic,Monte Morris,Will Barton,Jeff Green,Aaron Gordon,Josh Giddey,Luguentz Dort,Derrick Favors,Jeremiah Robinson-Earl,Shai Gilgeous-Alexander,3,57,72,0:06:37,0:05:23,0:00:02,262,OKC,shot,Derrick Favors,,,,,,,,,Josh Giddey,2,,,made,,layup,2,-18,4,23.2,88.6,Giddey 2' Running Layup (9 PTS) (Favors 2 AST)
22100474,2021-22 Regular Season,2021-12-22,Nikola Jokic,Monte Morris,Will Barton,Jeff Green,Aaron Gordon,Josh Giddey,Luguentz Dort,Derrick Favors,Jeremiah Robinson-Earl,Shai Gilgeous-Alexander,3,57,72,0:06:14,0:05:46,0:00:23,263,OKC,foul,,,,,,,,Jeff Green,,Jeremiah Robinson-Earl,,,s.foul,,,shooting,,,,,,Robinson-Earl S.FOUL (P1.T2) (D.Taylor)
22100474,2021-22 Regular Season,2021-12-22,Nikola Jokic,Monte Morris,Will Barton,Jeff Green,Aaron Gordon,Josh Giddey,Luguentz Dort,Derrick Favors,Jeremiah Robinson-Earl,Shai Gilgeous-Alexander,3,57,72,0:06:14,0:05:46,0:00:00,264,DEN,free throw,,,,,,,1,,2,Jeff Green,0,,,missed,,free throw 1/2,,,,,,MISS Green Free Throw 1 of 2
22100474,2021-22 Regular Season,2021-12-22,Nikola Jokic,Monte Morris,Will Barton,Jeff Green,Aaron Gordon,Josh Giddey,Luguentz Dort,Derrick Favors,Jeremiah Robinson-Earl,Shai Gilgeous-Alexander,3,57,72,0:06:14,0:05:46,0:00:00,265,DEN,rebound,,,,,,,,,,,,,,,,team rebound,,,,,,Nuggets Rebound
22100474,2021-22 Regular Season,2021-12-22,Nikola Jokic,Monte Morris,Will Barton,Jeff Green,Aaron Gordon,Josh Giddey,Luguentz Dort,Derrick Favors,Jeremiah Robinson-Earl,Shai Gilgeous-Alexander,3,58,72,0:06:14,0:05:46,0:00:00,266,DEN,free throw,,,,,,,2,,2,Jeff Green,1,,,made,,free throw 2/2,,,,,,Green Free Throw 2 of 2 (7 PTS)
22100474,2021-22 Regular Season,2021-12-22,Nikola Jokic,Monte Morris,Will Barton,Jeff Green,Aaron Gordon,Josh Giddey,Luguentz Dort,Derrick Favors,Jeremiah Robinson-Earl,Shai Gilgeous-Alexander,3,58,72,0:05:55,0:06:05,0:00:19,267,OKC,shot,,,,,,,,,,Shai Gilgeous-Alexander,0,,,missed,,driving layup,2,18,8,26.8,88.2,MISS Gilgeous-Alexander 2' Driving Layup
22100474,2021-22 Regular Season,2021-12-22,Nikola Jokic,Monte Morris,Will Barton,Jeff Green,Aaron Gordon,Josh Giddey,Luguentz Dort,Derrick Favors,Jeremiah Robinson-Earl,Shai Gilgeous-Alexander,3,58,72,0:05:51,0:06:09,0:00:04,268,OKC,shot,,,,,,,,,,Derrick Favors,0,,,missed,,layup,0,0,0,25.0,89.0,MISS Favors Tip Layup Shot
22100474,2021-22 Regular Season,2021-12-22,Nikola Jokic,Monte Morris,Will Barton,Jeff Green,Aaron Gordon,Josh Giddey,Luguentz Dort,Derrick Favors,Jeremiah Robinson-Earl,Shai Gilgeous-Alexander,3,58,72,0:05:51,0:06:09,0:00:00,269,OKC,rebound,,,,,,,,,,Derrick Favors,,,,,,rebound offensive,,,,,,Favors REBOUND (Off:1 Def:4)
22100474,2021-22 Regular Season,2021-12-22,Nikola Jokic,Monte Morris,Will Barton,Jeff Green,Aaron Gordon,Josh Giddey,Luguentz Dort,Derrick Favors,Jeremiah Robinson-Earl,Shai Gilgeous-Alexander,3,58,72,0:05:50,0:06:10,0:00:01,270,OKC,rebound,,,,,,,,,,Jeremiah Robinson-Earl,,,,,,rebound offensive,,,,,,Robinson-Earl REBOUND (Off:3 Def:2)
22100474,2021-22 Regular Season,2021-12-22,Nikola Jokic,Monte Morris,Will Barton,Jeff Green,Aaron Gordon,Josh Giddey,Luguentz Dort,Derrick Favors,Jeremiah Robinson-Earl,Shai Gilgeous-Alexander,3,58,72,0:05:50,0:06:10,0:00:00,271,OKC,shot,,,,,,,,,,Jeremiah Robinson-Earl,0,,,missed,,layup,1,-7,-8,24.3,89.8,MISS Robinson-Earl 1' Putback Layup
22100474,2021-22 Regular Season,2021-12-22,Nikola Jokic,Monte Morris,Will Barton,Jeff Green,Aaron Gordon,Josh Giddey,Luguentz Dort,Derrick Favors,Jeremiah Robinson-Earl,Shai Gilgeous-Alexander,3,58,72,0:05:50,0:06:10,0:00:00,272,DEN,rebound,,,,,,,,,,Monte Morris,,,,,,rebound defensive,,,,,,Morris REBOUND (Off:0 Def:2)
22100474,2021-22 Regular Season,2021-12-22,Nikola Jokic,Monte Morris,Will Barton,Jeff Green,Aaron Gordon,Josh Giddey,Luguentz Dort,Derrick Favors,Jeremiah Robinson-Earl,Shai Gilgeous-Alexander,3,60,72,0:05:48,0:06:12,0:00:02,273,DEN,shot,,,,,,,,,,Monte Morris,2,,,made,,layup,1,1,9,24.9,5.9,Morris 1' Running Layup (9 PTS)
22100474,2021-22 Regular Season,2021-12-22,Nikola Jokic,Monte Morris,Will Barton,Jeff Green,Aaron Gordon,Josh Giddey,Luguentz Dort,Derrick Favors,Jeremiah Robinson-Earl,Shai Gilgeous-Alexander,3,60,72,0:05:48,0:06:12,0:00:00,274,OKC,foul,,,,,,,,Monte Morris,,Luguentz Dort,,,s.foul,,,shooting,,,,,,Dort S.FOUL (P2.T3) (B.Kennedy)
22100474,2021-22 Regular Season,2021-12-22,Nikola Jokic,Monte Morris,Will Barton,Jeff Green,Aaron Gordon,Josh Giddey,Luguentz Dort,Derrick Favors,Jeremiah Robinson-Earl,Shai Gilgeous-Alexander,3,61,72,0:05:48,0:06:12,0:00:00,275,DEN,free throw,,,,,,,1,,1,Monte Morris,1,,,made,,free throw 1/1,,,,,,Morris Free Throw 1 of 1 (10 PTS)
22100474,2021-22 Regular Season,2021-12-22,Nikola Jokic,Monte Morris,Will Barton,Jeff Green,Aaron Gordon,Josh Giddey,Luguentz Dort,Derrick Favors,Jeremiah Robinson-Earl,Shai Gilgeous-Alexander,3,61,74,0:05:33,0:06:27,0:00:15,276,OKC,shot,Shai Gilgeous-Alexander,,,,,,,,,Josh Giddey,2,,,made,,jump shot,22,107,193,35.7,69.7,Giddey 22' Pullup Jump Shot (11 PTS) (Gilgeous-Alexander 7 AST)
22100474,2021-22 Regular Season,2021-12-22,Nikola Jokic,Monte Morris,Will Barton,Jeff Green,Aaron Gordon,Josh Giddey,Luguentz Dort,Derrick Favors,Jeremiah Robinson-Earl,Shai Gilgeous-Alexander,3,61,74,0:05:19,0:06:41,0:00:14,277,DEN,shot,,,,,,,,,,Aaron Gordon,0,,,missed,,3pt jump shot,23,-228,-26,47.8,2.4,MISS Gordon 3PT Jump Shot
22100474,2021-22 Regular Season,2021-12-22,Nikola Jokic,Monte Morris,Will Barton,Jeff Green,Aaron Gordon,Josh Giddey,Luguentz Dort,Derrick Favors,Jeremiah Robinson-Earl,Shai Gilgeous-Alexander,3,61,74,0:05:17,0:06:43,0:00:02,278,OKC,rebound,,,,,,,,,,Luguentz Dort,,,,,,rebound defensive,,,,,,Dort REBOUND (Off:1 Def:2)
22100474,2021-22 Regular Season,2021-12-22,Nikola Jokic,Monte Morris,Will Barton,Jeff Green,Aaron Gordon,Josh Giddey,Luguentz Dort,Derrick Favors,Jeremiah Robinson-Earl,Shai Gilgeous-Alexander,3,61,74,0:05:12,0:06:48,0:00:05,279,OKC,turnover,,,,,,,,,,Luguentz Dort,,,,,Aaron Gordon,lost ball,,,,,,Dort Lost Ball Turnover (P3.T6): Gordon STEAL (1 STL)
22100474,2021-22 Regular Season,2021-12-22,Nikola Jokic,Monte Morris,Will Barton,Jeff Green,Aaron Gordon,Josh Giddey,Luguentz Dort,Derrick Favors,Jeremiah Robinson-Earl,Shai Gilgeous-Alexander,3,61,74,0:05:06,0:06:54,0:00:06,280,DEN,shot,,,,,,,,,,Will Barton,0,,,missed,,layup,2,-20,-4,27.0,4.6,MISS Barton 2' Alley Oop Layup
22100474,2021-22 Regular Season,2021-12-22,Nikola Jokic,Monte Morris,Will Barton,Jeff Green,Aaron Gordon,Josh Giddey,Luguentz Dort,Derrick Favors,Jeremiah Robinson-Earl,Shai Gilgeous-Alexander,3,61,74,0:05:04,0:06:56,0:00:02,281,OKC,rebound,,,,,,,,,,Derrick Favors,,,,,,rebound defensive,,,,,,Favors REBOUND (Off:1 Def:5)
22100474,2021-22 Regular Season,2021-12-22,Nikola Jokic,Monte Morris,Will Barton,Jeff Green,Aaron Gordon,Josh Giddey,Luguentz Dort,Derrick Favors,Jeremiah Robinson-Earl,Shai Gilgeous-Alexander,3,61,74,0:04:59,0:07:01,0:00:05,282,OKC,shot,,,,,,,,,,Luguentz Dort,0,,,missed,,3pt jump shot,23,225,-20,47.5,91.0,MISS Dort 3PT Jump Shot
22100474,2021-22 Regular Season,2021-12-22,Nikola Jokic,Monte Morris,Will Barton,Jeff Green,Aaron Gordon,Josh Giddey,Luguentz Dort,Derrick Favors,Jeremiah Robinson-Earl,Shai Gilgeous-Alexander,3,61,74,0:04:56,0:07:04,0:00:03,283,OKC,rebound,,,,,,,,,,Luguentz Dort,,,,,,rebound offensive,,,,,,Dort REBOUND (Off:2 Def:2)
22100474,2021-22 Regular Season,2021-12-22,Nikola Jokic,Monte Morris,Will Barton,Jeff Green,Aaron Gordon,Josh Giddey,Luguentz Dort,Derrick Favors,Jeremiah Robinson-Earl,Shai Gilgeous-Alexander,3,61,77,0:04:52,0:07:08,0:00:04,284,OKC,shot,Josh Giddey,,,,,,,,,Luguentz Dort,3,,,made,,3pt jump shot,23,-227,4,2.299999999999997,88.6,Dort 3PT Jump Shot (9 PTS) (Giddey 3 AST)
22100474,2021-22 Regular Season,2021-12-22,Nikola Jokic,Monte Morris,Will Barton,Jeff Green,Aaron Gordon,Josh Giddey,Luguentz Dort,Derrick Favors,Jeremiah Robinson-Earl,Shai Gilgeous-Alexander,3,61,77,0:04:51,0:07:09,0:00:01,285,DEN,timeout,,,,,,,,,,,,,,,,timeout: regular,,,,,,Nuggets Timeout: Regular (Reg.4 Short 0)
22100474,2021-22 Regular Season,2021-12-22,Nikola Jokic,Monte Morris,Facundo Campazzo,Jeff Green,Aaron Gordon,Josh Giddey,Luguentz Dort,Derrick Favors,Jeremiah Robinson-Earl,Shai Gilgeous-Alexander,3,61,77,0:04:51,0:07:09,0:00:00,286,DEN,substitution,,,,,Facundo Campazzo,Will Barton,,,,Will Barton,,,,,,sub,,,,,,SUB: Campazzo FOR Barton
22100474,2021-22 Regular Season,2021-12-22,Nikola Jokic,Austin Rivers,Facundo Campazzo,Jeff Green,Aaron Gordon,Josh Giddey,Luguentz Dort,Derrick Favors,Jeremiah Robinson-Earl,Shai Gilgeous-Alexander,3,61,77,0:04:51,0:07:09,0:00:00,287,DEN,substitution,,,,,Austin Rivers,Monte Morris,,,,Monte Morris,,,,,,sub,,,,,,SUB: Rivers FOR Morris
22100474,2021-22 Regular Season,2021-12-22,Bones Hyland,Austin Rivers,Facundo Campazzo,Jeff Green,Aaron Gordon,Josh Giddey,Luguentz Dort,Derrick Favors,Jeremiah Robinson-Earl,Shai Gilgeous-Alexander,3,61,77,0:04:51,0:07:09,0:00:00,288,DEN,substitution,,,,,Bones Hyland,Nikola Jokic,,,,Nikola Jokic,,,,,,sub,,,,,,SUB: Hyland FOR Jokic
22100474,2021-22 Regular Season,2021-12-22,Bones Hyland,Austin Rivers,Facundo Campazzo,Vlatko Cancar,Aaron Gordon,Josh Giddey,Luguentz Dort,Derrick Favors,Jeremiah Robinson-Earl,Shai Gilgeous-Alexander,3,61,77,0:04:51,0:07:09,0:00:00,289,DEN,substitution,,,,,Vlatko Cancar,Jeff Green,,,,Jeff Green,,,,,,sub,,,,,,SUB: Cancar FOR Green
22100474,2021-22 Regular Season,2021-12-22,Bones Hyland,Austin Rivers,Facundo Campazzo,Vlatko Cancar,JaMychal Green,Josh Giddey,Luguentz Dort,Derrick Favors,Jeremiah Robinson-Earl,Shai Gilgeous-Alexander,3,61,77,0:04:51,0:07:09,0:00:00,290,DEN,substitution,,,,,JaMychal Green,Aaron Gordon,,,,Aaron Gordon,,,,,,sub,,,,,,SUB: Green FOR Gordon
22100474,2021-22 Regular Season,2021-12-22,Bones Hyland,Austin Rivers,Facundo Campazzo,Vlatko Cancar,JaMychal Green,Josh Giddey,Luguentz Dort,Derrick Favors,Jeremiah Robinson-Earl,Shai Gilgeous-Alexander,3,61,77,0:04:41,0:07:19,0:00:10,291,DEN,turnover,,,,,,,,,,Vlatko Cancar,,,bad pass,,Shai Gilgeous-Alexander,bad pass,,,,,,Gilgeous-Alexander STEAL (1 STL): Cancar Bad Pass Turnover (P1.T9)
22100474,2021-22 Regular Season,2021-12-22,Bones Hyland,Austin Rivers,Facundo Campazzo,Vlatko Cancar,JaMychal Green,Josh Giddey,Luguentz Dort,Derrick Favors,Jeremiah Robinson-Earl,Shai Gilgeous-Alexander,3,61,77,0:04:31,0:07:29,0:00:10,292,OKC,shot,,,,,,,,,,Shai Gilgeous-Alexander,0,,,missed,,3pt step back jump shot,26,28,263,27.8,62.7,MISS Gilgeous-Alexander 26' 3PT Step Back Jump Shot
22100474,2021-22 Regular Season,2021-12-22,Bones Hyland,Austin Rivers,Facundo Campazzo,Vlatko Cancar,JaMychal Green,Josh Giddey,Luguentz Dort,Derrick Favors,Jeremiah Robinson-Earl,Shai Gilgeous-Alexander,3,61,77,0:04:29,0:07:31,0:00:02,293,OKC,rebound,,,,,,,,,,Jeremiah Robinson-Earl,,,,,,rebound offensive,,,,,,Robinson-Earl REBOUND (Off:4 Def:2)
22100474,2021-22 Regular Season,2021-12-22,Bones Hyland,Austin Rivers,Facundo Campazzo,Vlatko Cancar,JaMychal Green,Josh Giddey,Luguentz Dort,Derrick Favors,Jeremiah Robinson-Earl,Shai Gilgeous-Alexander,3,61,77,0:04:19,0:07:41,0:00:10,294,OKC,shot,,,,,,,,,,Josh Giddey,0,,,missed,,floating jump shot,6,-47,42,20.3,84.8,MISS Giddey 6' Floating Jump Shot
22100474,2021-22 Regular Season,2021-12-22,Bones Hyland,Austin Rivers,Facundo Campazzo,Vlatko Cancar,JaMychal Green,Josh Giddey,Luguentz Dort,Derrick Favors,Jeremiah Robinson-Earl,Shai Gilgeous-Alexander,3,61,77,0:04:16,0:07:44,0:00:03,295,DEN,rebound,,,,,,,,,,JaMychal Green,,,,,,rebound defensive,,,,,,Green REBOUND (Off:0 Def:2)
22100474,2021-22 Regular Season,2021-12-22,Bones Hyland,Austin Rivers,Facundo Campazzo,Vlatko Cancar,JaMychal Green,Josh Giddey,Luguentz Dort,Derrick Favors,Jeremiah Robinson-Earl,Shai Gilgeous-Alexander,3,61,77,0:04:11,0:07:49,0:00:05,296,DEN,shot,,,,,,,,,,Bones Hyland,0,,,missed,,3pt jump shot,26,-170,203,42.0,25.3,MISS Hyland 26' 3PT Jump Shot
22100474,2021-22 Regular Season,2021-12-22,Bones Hyland,Austin Rivers,Facundo Campazzo,Vlatko Cancar,JaMychal Green,Josh Giddey,Luguentz Dort,Derrick Favors,Jeremiah Robinson-Earl,Shai Gilgeous-Alexander,3,61,77,0:04:08,0:07:52,0:00:03,297,OKC,rebound,,,,,,,,,,Luguentz Dort,,,,,,rebound defensive,,,,,,Dort REBOUND (Off:2 Def:3)
22100474,2021-22 Regular Season,2021-12-22,Bones Hyland,Austin Rivers,Facundo Campazzo,Vlatko Cancar,JaMychal Green,Josh Giddey,Luguentz Dort,Derrick Favors,Jeremiah Robinson-Earl,Shai Gilgeous-Alexander,3,61,79,0:04:01,0:07:59,0:00:07,298,OKC,shot,Shai Gilgeous-Alexander,,,,,,,,,Derrick Favors,2,,,made,,jump shot,14,-4,141,24.6,74.9,Favors 14' Jump Shot (10 PTS) (Gilgeous-Alexander 8 AST)
22100474,2021-22 Regular Season,2021-12-22,Bones Hyland,Austin Rivers,Facundo Campazzo,Vlatko Cancar,JaMychal Green,Josh Giddey,Luguentz Dort,Derrick Favors,Jeremiah Robinson-Earl,Shai Gilgeous-Alexander,3,61,79,0:03:41,0:08:19,0:00:20,299,DEN,shot,,,,,,,,,,Bones Hyland,0,,,missed,,3pt jump shot,26,184,185,6.599999999999998,23.5,MISS Hyland 26' 3PT Jump Shot
22100474,2021-22 Regular Season,2021-12-22,Bones Hyland,Austin Rivers,Facundo Campazzo,Vlatko Cancar,JaMychal Green,Josh Giddey,Luguentz Dort,Derrick Favors,Jeremiah Robinson-Earl,Shai Gilgeous-Alexander,3,61,79,0:03:39,0:08:21,0:00:02,300,OKC,rebound,,,,,,,,,,Josh Giddey,,,,,,rebound defensive,,,,,,Giddey REBOUND (Off:0 Def:4)
22100474,2021-22 Regular Season,2021-12-22,Bones Hyland,Austin Rivers,Facundo Campazzo,Vlatko Cancar,JaMychal Green,Josh Giddey,Luguentz Dort,Derrick Favors,Jeremiah Robinson-Earl,Shai Gilgeous-Alexander,3,61,79,0:03:38,0:08:22,0:00:01,301,DEN,foul,,,,,,,,Josh Giddey,,Facundo Campazzo,,,p.foul,,,personal,,,,,,Campazzo P.FOUL (P1.T2) (D.Taylor)
22100474,2021-22 Regular Season,2021-12-22,Bones Hyland,Austin Rivers,Facundo Campazzo,Vlatko Cancar,JaMychal Green,Josh Giddey,Luguentz Dort,Darius Bazley,Jeremiah Robinson-Earl,Shai Gilgeous-Alexander,3,61,79,0:03:38,0:08:22,0:00:00,302,OKC,substitution,,,,,Darius Bazley,Derrick Favors,,,,Derrick Favors,,,,,,sub,,,,,,SUB: Bazley FOR Favors
22100474,2021-22 Regular Season,2021-12-22,Bones Hyland,Austin Rivers,Facundo Campazzo,Vlatko Cancar,JaMychal Green,Josh Giddey,Luguentz Dort,Darius Bazley,Jeremiah Robinson-Earl,Shai Gilgeous-Alexander,3,61,82,0:03:31,0:08:29,0:00:07,303,OKC,shot,Jeremiah Robinson-Earl,,,,,,,,,Josh Giddey,3,,,made,,3pt jump shot,26,189,178,43.900000000000006,71.2,Giddey 26' 3PT Jump Shot (14 PTS) (Robinson-Earl 1 AST)
22100474,2021-22 Regular Season,2021-12-22,Bones Hyland,Austin Rivers,Facundo Campazzo,Vlatko Cancar,JaMychal Green,Josh Giddey,Luguentz Dort,Darius Bazley,Jeremiah Robinson-Earl,Shai Gilgeous-Alexander,3,64,82,0:03:11,0:08:49,0:00:20,304,DEN,shot,Austin Rivers,,,,,,,,,Vlatko Cancar,3,,,made,,3pt jump shot,26,120,232,13.0,28.200000000000003,Cancar 26' 3PT Jump Shot (3 PTS) (Rivers 1 AST)
22100474,2021-22 Regular Season,2021-12-22,Bones Hyland,Austin Rivers,Facundo Campazzo,Vlatko Cancar,JaMychal Green,Josh Giddey,Luguentz Dort,Darius Bazley,Jeremiah Robinson-Earl,Shai Gilgeous-Alexander,3,64,82,0:02:48,0:09:12,0:00:23,305,OKC,shot,,,,,,,,,,Luguentz Dort,0,,,missed,,driving layup,0,-1,4,24.9,88.6,MISS Dort Driving Layup
22100474,2021-22 Regular Season,2021-12-22,Bones Hyland,Austin Rivers,Facundo Campazzo,Vlatko Cancar,JaMychal Green,Josh Giddey,Luguentz Dort,Darius Bazley,Jeremiah Robinson-Earl,Shai Gilgeous-Alexander,3,64,82,0:02:44,0:09:16,0:00:04,306,OKC,rebound,,,,,,,,,,Darius Bazley,,,,,,rebound offensive,,,,,,Bazley REBOUND (Off:1 Def:4)
22100474,2021-22 Regular Season,2021-12-22,Bones Hyland,Austin Rivers,Facundo Campazzo,Vlatko Cancar,JaMychal Green,Josh Giddey,Luguentz Dort,Darius Bazley,Jeremiah Robinson-Earl,Shai Gilgeous-Alexander,3,64,84,0:02:44,0:09:16,0:00:00,307,OKC,shot,,,,,,,,,,Darius Bazley,2,,,made,,dunk,0,0,0,25.0,89.0,Bazley Tip Dunk Shot (10 PTS)
22100474,2021-22 Regular Season,2021-12-22,Bones Hyland,Austin Rivers,Facundo Campazzo,Vlatko Cancar,JaMychal Green,Josh Giddey,Luguentz Dort,Darius Bazley,Jeremiah Robinson-Earl,Shai Gilgeous-Alexander,3,64,84,0:02:34,0:09:26,0:00:10,308,DEN,shot,,,,,,,,,,JaMychal Green,0,,,missed,,3pt jump shot,24,-9,245,25.9,29.5,MISS Green 25' 3PT Jump Shot
22100474,2021-22 Regular Season,2021-12-22,Bones Hyland,Austin Rivers,Facundo Campazzo,Vlatko Cancar,JaMychal Green,Josh Giddey,Luguentz Dort,Darius Bazley,Jeremiah Robinson-Earl,Shai Gilgeous-Alexander,3,64,84,0:02:32,0:09:28,0:00:02,309,OKC,rebound,,,,,,,,,,Shai Gilgeous-Alexander,,,,,,rebound defensive,,,,,,Gilgeous-Alexander REBOUND (Off:1 Def:6)
22100474,2021-22 Regular Season,2021-12-22,Bones Hyland,Austin Rivers,Facundo Campazzo,Vlatko Cancar,JaMychal Green,Josh Giddey,Luguentz Dort,Darius Bazley,Jeremiah Robinson-Earl,Shai Gilgeous-Alexander,3,64,84,0:02:25,0:09:35,0:00:07,310,DEN,foul,,,,,,,,Shai Gilgeous-Alexander,,Austin Rivers,,,s.foul,,,shooting,,,,,,Rivers S.FOUL (P1.T3) (B.Kennedy)
22100474,2021-22 Regular Season,2021-12-22,Bones Hyland,Austin Rivers,Facundo Campazzo,Vlatko Cancar,JaMychal Green,Josh Giddey,Luguentz Dort,Darius Bazley,Jeremiah Robinson-Earl,Shai Gilgeous-Alexander,3,64,85,0:02:25,0:09:35,0:00:00,311,OKC,free throw,,,,,,,1,,2,Shai Gilgeous-Alexander,1,,,made,,free throw 1/2,,,,,,Gilgeous-Alexander Free Throw 1 of 2 (22 PTS)
22100474,2021-22 Regular Season,2021-12-22,Bones Hyland,Austin Rivers,Facundo Campazzo,Vlatko Cancar,JaMychal Green,Tre Mann,Luguentz Dort,Darius Bazley,Jeremiah Robinson-Earl,Shai Gilgeous-Alexander,3,64,85,0:02:25,0:09:35,0:00:00,312,OKC,substitution,,,,,Tre Mann,Josh Giddey,,,,Josh Giddey,,,,,,sub,,,,,,SUB: Mann FOR Giddey
22100474,2021-22 Regular Season,2021-12-22,Bones Hyland,Austin Rivers,Facundo Campazzo,Vlatko Cancar,JaMychal Green,Tre Mann,Luguentz Dort,Darius Bazley,Aleksej Pokusevski,Shai Gilgeous-Alexander,3,64,85,0:02:25,0:09:35,0:00:00,313,OKC,substitution,,,,,Aleksej Pokusevski,Jeremiah Robinson-Earl,,,,Jeremiah Robinson-Earl,,,,,,sub,,,,,,SUB: Pokusevski FOR Robinson-Earl
22100474,2021-22 Regular Season,2021-12-22,Bones Hyland,Austin Rivers,Facundo Campazzo,Vlatko Cancar,JaMychal Green,Josh Giddey,Luguentz Dort,Darius Bazley,Jeremiah Robinson-Earl,Shai Gilgeous-Alexander,3,64,86,0:02:25,0:09:35,0:00:00,314,OKC,free throw,,,,,,,2,,2,Shai Gilgeous-Alexander,1,,,made,,free throw 2/2,,,,,,Gilgeous-Alexander Free Throw 2 of 2 (23 PTS)
22100474,2021-22 Regular Season,2021-12-22,Bones Hyland,Austin Rivers,Facundo Campazzo,Vlatko Cancar,JaMychal Green,Tre Mann,Luguentz Dort,Darius Bazley,Aleksej Pokusevski,Shai Gilgeous-Alexander,3,64,86,0:02:18,0:09:42,0:00:07,315,OKC,violation,,,,,,,,,,Darius Bazley,,,,,,kicked ball,,,,,,Bazley Violation:Kicked Ball (B.Kennedy)
22100474,2021-22 Regular Season,2021-12-22,Bones Hyland,Austin Rivers,Facundo Campazzo,Vlatko Cancar,JaMychal Green,Tre Mann,Luguentz Dort,Darius Bazley,Aleksej Pokusevski,Shai Gilgeous-Alexander,3,66,86,0:02:09,0:09:51,0:00:09,316,DEN,shot,Facundo Campazzo,,,,,,,,,Austin Rivers,2,,,made,,driving layup,2,21,1,22.9,5.1,Rivers 2' Driving Layup (4 PTS) (Campazzo 2 AST)
22100474,2021-22 Regular Season,2021-12-22,Bones Hyland,Austin Rivers,Facundo Campazzo,Vlatko Cancar,JaMychal Green,Tre Mann,Luguentz Dort,Darius Bazley,Aleksej Pokusevski,Shai Gilgeous-Alexander,3,66,86,0:01:59,0:10:01,0:00:10,317,OKC,foul,,,,,,,,Facundo Campazzo,,Luguentz Dort,,,offensive charge foul,,,offensive charge,,,,,,Dort Offensive Charge Foul (P3) (P.Ransom)
22100474,2021-22 Regular Season,2021-12-22,Bones Hyland,Austin Rivers,Facundo Campazzo,Vlatko Cancar,JaMychal Green,Tre Mann,Luguentz Dort,Darius Bazley,Aleksej Pokusevski,Shai Gilgeous-Alexander,3,66,86,0:01:59,0:10:01,0:00:00,318,OKC,turnover,,,,,,,,,,Luguentz Dort,,,offensive foul turnover,,,offensive foul,,,,,,Dort Offensive Foul Turnover (P4.T7)
22100474,2021-22 Regular Season,2021-12-22,Bones Hyland,Austin Rivers,Facundo Campazzo,Vlatko Cancar,JaMychal Green,Tre Mann,Luguentz Dort,Darius Bazley,Aleksej Pokusevski,Shai Gilgeous-Alexander,3,66,86,0:01:48,0:10:12,0:00:11,319,DEN,shot,,,,,,,,,,Facundo Campazzo,0,,,missed,,3pt jump shot,25,-184,167,43.400000000000006,21.7,MISS Campazzo 25' 3PT Jump Shot
22100474,2021-22 Regular Season,2021-12-22,Bones Hyland,Austin Rivers,Facundo Campazzo,Vlatko Cancar,JaMychal Green,Tre Mann,Luguentz Dort,Darius Bazley,Aleksej Pokusevski,Shai Gilgeous-Alexander,3,66,86,0:01:44,0:10:16,0:00:04,320,OKC,rebound,,,,,,,,,,Shai Gilgeous-Alexander,,,,,,rebound defensive,,,,,,Gilgeous-Alexander REBOUND (Off:1 Def:7)
22100474,2021-22 Regular Season,2021-12-22,Bones Hyland,Austin Rivers,Facundo Campazzo,Vlatko Cancar,JaMychal Green,Tre Mann,Luguentz Dort,Darius Bazley,Aleksej Pokusevski,Shai Gilgeous-Alexander,3,66,86,0:01:37,0:10:23,0:00:07,321,OKC,shot,,,,,,,,,,Shai Gilgeous-Alexander,0,,,missed,,driving floating jump shot,4,-15,39,23.5,85.1,MISS Gilgeous-Alexander 4' Driving Floating Jump Shot
22100474,2021-22 Regular Season,2021-12-22,Bones Hyland,Austin Rivers,Facundo Campazzo,Vlatko Cancar,JaMychal Green,Tre Mann,Luguentz Dort,Darius Bazley,Aleksej Pokusevski,Shai Gilgeous-Alexander,3,66,86,0:01:35,0:10:25,0:00:02,322,DEN,rebound,,,,,,,,,,JaMychal Green,,,,,,rebound defensive,,,,,,Green REBOUND (Off:0 Def:3)
22100474,2021-22 Regular Season,2021-12-22,Bones Hyland,Austin Rivers,Facundo Campazzo,Vlatko Cancar,JaMychal Green,Tre Mann,Luguentz Dort,Darius Bazley,Aleksej Pokusevski,Shai Gilgeous-Alexander,3,66,86,0:01:23,0:10:37,0:00:12,323,DEN,shot,,,,,,,,,,Austin Rivers,0,,,missed,,3pt jump shot,24,235,42,1.5,9.2,MISS Rivers 24' 3PT Jump Shot
22100474,2021-22 Regular Season,2021-12-22,Bones Hyland,Austin Rivers,Facundo Campazzo,Vlatko Cancar,JaMychal Green,Tre Mann,Luguentz Dort,Darius Bazley,Aleksej Pokusevski,Shai Gilgeous-Alexander,3,66,86,0:01:19,0:10:41,0:00:04,324,OKC,rebound,,,,,,,,,,Luguentz Dort,,,,,,rebound defensive,,,,,,Dort REBOUND (Off:2 Def:4)
22100474,2021-22 Regular Season,2021-12-22,Bones Hyland,Austin Rivers,Facundo Campazzo,Vlatko Cancar,JaMychal Green,Tre Mann,Luguentz Dort,Darius Bazley,Aleksej Pokusevski,Shai Gilgeous-Alexander,3,66,88,0:01:12,0:10:48,0:00:07,325,OKC,shot,Shai Gilgeous-Alexander,,,,,,,,,Darius Bazley,2,,,made,,cutting dunk shot,2,-2,17,24.8,87.3,Bazley 2' Cutting Dunk Shot (12 PTS) (Gilgeous-Alexander 9 AST)
22100474,2021-22 Regular Season,2021-12-22,Bones Hyland,Austin Rivers,Facundo Campazzo,Vlatko Cancar,JaMychal Green,Tre Mann,Luguentz Dort,Darius Bazley,Aleksej Pokusevski,Shai Gilgeous-Alexander,3,66,88,0:01:02,0:10:58,0:00:10,326,OKC,foul,,,,,,,,Facundo Campazzo,,Tre Mann,,,p.foul,,,personal,,,,,,Mann P.FOUL (P3.T4) (D.Taylor)
22100474,2021-22 Regular Season,2021-12-22,Bones Hyland,Austin Rivers,Facundo Campazzo,Vlatko Cancar,JaMychal Green,Tre Mann,Kenrich Williams,Darius Bazley,Aleksej Pokusevski,Shai Gilgeous-Alexander,3,66,88,0:01:02,0:10:58,0:00:00,327,OKC,substitution,,,,,Kenrich Williams,Luguentz Dort,,,,Luguentz Dort,,,,,,sub,,,,,,SUB: Williams FOR Dort
22100474,2021-22 Regular Season,2021-12-22,Bones Hyland,Austin Rivers,Facundo Campazzo,Vlatko Cancar,JaMychal Green,Tre Mann,Kenrich Williams,Darius Bazley,Aleksej Pokusevski,Shai Gilgeous-Alexander,3,66,88,0:00:56,0:11:04,0:00:06,328,DEN,shot,,,,,,,,,,JaMychal Green,0,,,missed,,3pt jump shot,25,-23,248,27.3,29.8,MISS Green 25' 3PT Jump Shot
22100474,2021-22 Regular Season,2021-12-22,Bones Hyland,Austin Rivers,Facundo Campazzo,Vlatko Cancar,JaMychal Green,Tre Mann,Kenrich Williams,Darius Bazley,Aleksej Pokusevski,Shai Gilgeous-Alexander,3,66,88,0:00:53,0:11:07,0:00:03,329,OKC,rebound,,,,,,,,,,Darius Bazley,,,,,,rebound defensive,,,,,,Bazley REBOUND (Off:1 Def:5)
22100474,2021-22 Regular Season,2021-12-22,Bones Hyland,Austin Rivers,Facundo Campazzo,Vlatko Cancar,JaMychal Green,Tre Mann,Kenrich Williams,Darius Bazley,Aleksej Pokusevski,Shai Gilgeous-Alexander,3,66,88,0:00:34,0:11:26,0:00:19,330,OKC,shot,,,,,,,,,,Shai Gilgeous-Alexander,0,,,missed,,3pt step back jump shot,26,161,209,41.1,68.1,MISS Gilgeous-Alexander 26' 3PT Step Back Jump Shot
22100474,2021-22 Regular Season,2021-12-22,Bones Hyland,Austin Rivers,Facundo Campazzo,Vlatko Cancar,JaMychal Green,Tre Mann,Kenrich Williams,Darius Bazley,Aleksej Pokusevski,Shai Gilgeous-Alexander,3,66,88,0:00:30,0:11:30,0:00:04,331,OKC,rebound,,,,,,,,,,Tre Mann,,,,,,rebound offensive,,,,,,Mann REBOUND (Off:2 Def:1)
22100474,2021-22 Regular Season,2021-12-22,Bones Hyland,Austin Rivers,Facundo Campazzo,Vlatko Cancar,JaMychal Green,Tre Mann,Kenrich Williams,Darius Bazley,Aleksej Pokusevski,Shai Gilgeous-Alexander,3,66,88,0:00:29,0:11:31,0:00:01,332,OKC,shot,,,,,,,,,,Tre Mann,0,,,missed,,jump shot,18,-157,88,9.299999999999999,80.2,MISS Mann 18' Jump Shot
22100474,2021-22 Regular Season,2021-12-22,Bones Hyland,Austin Rivers,Facundo Campazzo,Vlatko Cancar,JaMychal Green,Tre Mann,Kenrich Williams,Darius Bazley,Aleksej Pokusevski,Shai Gilgeous-Alexander,3,66,88,0:00:29,0:11:31,0:00:00,333,DEN,rebound,,,,,,,,,,JaMychal Green,,,,,,rebound defensive,,,,,,Green REBOUND (Off:0 Def:4)
22100474,2021-22 Regular Season,2021-12-22,Bones Hyland,Austin Rivers,Facundo Campazzo,Vlatko Cancar,JaMychal Green,Tre Mann,Kenrich Williams,Darius Bazley,Aleksej Pokusevski,Shai Gilgeous-Alexander,3,66,88,0:00:04,0:11:56,0:00:25,334,DEN,shot,,,,,,,,,,Austin Rivers,0,,,missed,,driving layup,4,-44,8,29.4,5.8,MISS Rivers 4' Driving Layup
22100474,2021-22 Regular Season,2021-12-22,Bones Hyland,Austin Rivers,Facundo Campazzo,Vlatko Cancar,JaMychal Green,Tre Mann,Kenrich Williams,Darius Bazley,Aleksej Pokusevski,Shai Gilgeous-Alexander,3,66,88,0:00:01,0:11:59,0:00:03,335,DEN,rebound,,,,,,,,,,JaMychal Green,,,,,,rebound offensive,,,,,,Green REBOUND (Off:1 Def:4)
22100474,2021-22 Regular Season,2021-12-22,Bones Hyland,Austin Rivers,Facundo Campazzo,Vlatko Cancar,JaMychal Green,Tre Mann,Kenrich Williams,Darius Bazley,Aleksej Pokusevski,Shai Gilgeous-Alexander,3,66,88,0:00:01,0:11:59,0:00:00,336,DEN,shot,,,,,,,,,,JaMychal Green,0,,,missed,,layup,0,0,0,25.0,5.0,MISS Green Tip Layup Shot
22100474,2021-22 Regular Season,2021-12-22,Bones Hyland,Austin Rivers,Facundo Campazzo,Vlatko Cancar,JaMychal Green,Tre Mann,Kenrich Williams,Darius Bazley,Aleksej Pokusevski,Shai Gilgeous-Alexander,3,66,88,0:00:00,0:12:00,0:00:01,337,OKC,rebound,,,,,,,,,,Tre Mann,,,,,,rebound defensive,,,,,,Mann REBOUND (Off:2 Def:2)
22100474,2021-22 Regular Season,2021-12-22,Bones Hyland,Austin Rivers,Facundo Campazzo,Vlatko Cancar,JaMychal Green,Tre Mann,Kenrich Williams,Darius Bazley,Aleksej Pokusevski,Shai Gilgeous-Alexander,3,66,88,0:00:00,0:12:00,0:00:00,338,,end of period,,,,,,,,,,,,,,,,end of period,,,,,,
22100474,2021-22 Regular Season,2021-12-22,Facundo Campazzo,Bones Hyland,Vlatko Cancar,Austin Rivers,JaMychal Green,Darius Bazley,Aleksej Pokusevski,Tre Mann,Josh Giddey,Kenrich Williams,4,66,88,0:12:00,0:00:00,0:00:00,339,,start of period,,,,,,,,,,,,,,,,start of period,,,,,,
22100474,2021-22 Regular Season,2021-12-22,Facundo Campazzo,Bones Hyland,Vlatko Cancar,Austin Rivers,JaMychal Green,Darius Bazley,Aleksej Pokusevski,Tre Mann,Josh Giddey,Kenrich Williams,4,66,88,0:11:51,0:00:09,0:00:09,340,DEN,foul,,,,,,,,Darius Bazley,,Facundo Campazzo,,,s.foul,,,shooting,,,,,,Campazzo S.FOUL (P2.T1) (D.Taylor)
22100474,2021-22 Regular Season,2021-12-22,Facundo Campazzo,Bones Hyland,Vlatko Cancar,Austin Rivers,JaMychal Green,Darius Bazley,Aleksej Pokusevski,Tre Mann,Josh Giddey,Kenrich Williams,4,66,88,0:11:51,0:00:09,0:00:00,341,OKC,free throw,,,,,,,1,,2,Darius Bazley,0,,,missed,,free throw 1/2,,,,,,MISS Bazley Free Throw 1 of 2
22100474,2021-22 Regular Season,2021-12-22,Facundo Campazzo,Bones Hyland,Vlatko Cancar,Austin Rivers,JaMychal Green,Darius Bazley,Aleksej Pokusevski,Tre Mann,Josh Giddey,Kenrich Williams,4,66,88,0:11:51,0:00:09,0:00:00,342,OKC,rebound,,,,,,,,,,,,,,,,team rebound,,,,,,THUNDER Rebound
22100474,2021-22 Regular Season,2021-12-22,Facundo Campazzo,Bones Hyland,Vlatko Cancar,Austin Rivers,JaMychal Green,Darius Bazley,Aleksej Pokusevski,Tre Mann,Josh Giddey,Kenrich Williams,4,66,89,0:11:51,0:00:09,0:00:00,343,OKC,free throw,,,,,,,2,,2,Darius Bazley,1,,,made,,free throw 2/2,,,,,,Bazley Free Throw 2 of 2 (13 PTS)
22100474,2021-22 Regular Season,2021-12-22,Facundo Campazzo,Bones Hyland,Vlatko Cancar,Austin Rivers,JaMychal Green,Darius Bazley,Aleksej Pokusevski,Tre Mann,Josh Giddey,Kenrich Williams,4,66,89,0:11:38,0:00:22,0:00:13,344,DEN,shot,,,,,,,,,,Bones Hyland,0,,,missed,,3pt jump shot,24,-195,148,44.5,19.8,MISS Hyland 24' 3PT Jump Shot
22100474,2021-22 Regular Season,2021-12-22,Facundo Campazzo,Bones Hyland,Vlatko Cancar,Austin Rivers,JaMychal Green,Darius Bazley,Aleksej Pokusevski,Tre Mann,Josh Giddey,Kenrich Williams,4,66,89,0:11:35,0:00:25,0:00:03,345,OKC,rebound,,,,,,,,,,Aleksej Pokusevski,,,,,,rebound defensive,,,,,,Pokusevski REBOUND (Off:0 Def:1)
22100474,2021-22 Regular Season,2021-12-22,Facundo Campazzo,Bones Hyland,Vlatko Cancar,Austin Rivers,JaMychal Green,Darius Bazley,Aleksej Pokusevski,Tre Mann,Josh Giddey,Kenrich Williams,4,66,89,0:11:18,0:00:42,0:00:17,346,OKC,shot,,,,,,,,,,Tre Mann,0,,,missed,,3pt step back jump shot,27,-169,211,8.099999999999998,67.9,MISS Mann 27' 3PT Step Back Jump Shot
22100474,2021-22 Regular Season,2021-12-22,Facundo Campazzo,Bones Hyland,Vlatko Cancar,Austin Rivers,JaMychal Green,Darius Bazley,Aleksej Pokusevski,Tre Mann,Josh Giddey,Kenrich Williams,4,66,89,0:11:14,0:00:46,0:00:04,347,DEN,rebound,,,,,,,,,,Vlatko Cancar,,,,,,rebound defensive,,,,,,Cancar REBOUND (Off:0 Def:1)
22100474,2021-22 Regular Season,2021-12-22,Facundo Campazzo,Bones Hyland,Vlatko Cancar,Austin Rivers,JaMychal Green,Darius Bazley,Aleksej Pokusevski,Tre Mann,Josh Giddey,Kenrich Williams,4,66,89,0:11:08,0:00:52,0:00:06,348,DEN,shot,,,,,,,,,,Facundo Campazzo,0,,,missed,,3pt jump shot,24,235,29,1.5,7.9,MISS Campazzo 24' 3PT Jump Shot
22100474,2021-22 Regular Season,2021-12-22,Facundo Campazzo,Bones Hyland,Vlatko Cancar,Austin Rivers,JaMychal Green,Darius Bazley,Aleksej Pokusevski,Tre Mann,Josh Giddey,Kenrich Williams,4,66,89,0:11:02,0:00:58,0:00:06,349,OKC,rebound,,,,,,,,,,Josh Giddey,,,,,,rebound defensive,,,,,,Giddey REBOUND (Off:0 Def:5)
22100474,2021-22 Regular Season,2021-12-22,Facundo Campazzo,Bones Hyland,Vlatko Cancar,Austin Rivers,JaMychal Green,Darius Bazley,Aleksej Pokusevski,Tre Mann,Josh Giddey,Kenrich Williams,4,66,89,0:10:48,0:01:12,0:00:14,350,OKC,shot,,,,Facundo Campazzo,,,,,,Darius Bazley,0,,,missed,,cutting layup shot,3,-11,32,23.9,85.8,MISS Bazley 3' Cutting Layup Shot: Campazzo BLOCK (1 BLK)
22100474,2021-22 Regular Season,2021-12-22,Facundo Campazzo,Bones Hyland,Vlatko Cancar,Austin Rivers,JaMychal Green,Darius Bazley,Aleksej Pokusevski,Tre Mann,Josh Giddey,Kenrich Williams,4,66,89,0:10:45,0:01:15,0:00:03,351,DEN,rebound,,,,,,,,,,Vlatko Cancar,,,,,,rebound defensive,,,,,,Cancar REBOUND (Off:0 Def:2)
22100474,2021-22 Regular Season,2021-12-22,Facundo Campazzo,Bones Hyland,Vlatko Cancar,Austin Rivers,JaMychal Green,Darius Bazley,Aleksej Pokusevski,Tre Mann,Josh Giddey,Kenrich Williams,4,66,89,0:10:44,0:01:16,0:00:01,352,OKC,foul,,,,,,,,Vlatko Cancar,,Aleksej Pokusevski,,,s.foul,,,shooting,,,,,,Pokusevski S.FOUL (P2.T1) (B.Kennedy)
22100474,2021-22 Regular Season,2021-12-22,Facundo Campazzo,Bones Hyland,Vlatko Cancar,Austin Rivers,JaMychal Green,Darius Bazley,Aleksej Pokusevski,Tre Mann,Josh Giddey,Kenrich Williams,4,66,89,0:10:44,0:01:16,0:00:00,353,DEN,free throw,,,,,,,1,,2,Vlatko Cancar,0,,,missed,,free throw 1/2,,,,,,MISS Cancar Free Throw 1 of 2
22100474,2021-22 Regular Season,2021-12-22,Facundo Campazzo,Bones Hyland,Vlatko Cancar,Austin Rivers,JaMychal Green,Darius Bazley,Aleksej Pokusevski,Tre Mann,Josh Giddey,Kenrich Williams,4,66,89,0:10:44,0:01:16,0:00:00,354,DEN,rebound,,,,,,,,,,,,,,,,team rebound,,,,,,Nuggets Rebound
22100474,2021-22 Regular Season,2021-12-22,Facundo Campazzo,Bones Hyland,Vlatko Cancar,Austin Rivers,JaMychal Green,Darius Bazley,Aleksej Pokusevski,Tre Mann,Josh Giddey,Kenrich Williams,4,67,89,0:10:44,0:01:16,0:00:00,355,DEN,free throw,,,,,,,2,,2,Vlatko Cancar,1,,,made,,free throw 2/2,,,,,,Cancar Free Throw 2 of 2 (4 PTS)
22100474,2021-22 Regular Season,2021-12-22,Facundo Campazzo,Bones Hyland,Vlatko Cancar,Austin Rivers,JaMychal Green,Darius Bazley,Aleksej Pokusevski,Tre Mann,Josh Giddey,Kenrich Williams,4,67,89,0:10:33,0:01:27,0:00:11,356,OKC,shot,,,,,,,,,,Aleksej Pokusevski,0,,,missed,,3pt jump shot,26,-233,104,1.6999999999999993,78.6,MISS Pokusevski 26' 3PT Jump Shot
22100474,2021-22 Regular Season,2021-12-22,Facundo Campazzo,Bones Hyland,Vlatko Cancar,Austin Rivers,JaMychal Green,Darius Bazley,Aleksej Pokusevski,Tre Mann,Josh Giddey,Kenrich Williams,4,67,89,0:10:31,0:01:29,0:00:02,357,DEN,rebound,,,,,,,,,,,,,,,,rebound defensive,,,,,,Nuggets Rebound
22100474,2021-22 Regular Season,2021-12-22,Facundo Campazzo,Bones Hyland,Vlatko Cancar,Austin Rivers,JaMychal Green,Darius Bazley,Aleksej Pokusevski,Tre Mann,Josh Giddey,Kenrich Williams,4,67,89,0:10:16,0:01:44,0:00:15,358,OKC,foul,,,,,,,,Vlatko Cancar,,Kenrich Williams,,,s.foul,,,shooting,,,,,,Williams S.FOUL (P4.T2) (D.Taylor)
22100474,2021-22 Regular Season,2021-12-22,Facundo Campazzo,Bones Hyland,Vlatko Cancar,Austin Rivers,JaMychal Green,Darius Bazley,Aleksej Pokusevski,Tre Mann,Josh Giddey,Kenrich Williams,4,68,89,0:10:16,0:01:44,0:00:00,359,DEN,free throw,,,,,,,1,,2,Vlatko Cancar,1,,,made,,free throw 1/2,,,,,,Cancar Free Throw 1 of 2 (5 PTS)
22100474,2021-22 Regular Season,2021-12-22,Facundo Campazzo,Davon Reed,Vlatko Cancar,Austin Rivers,JaMychal Green,Darius Bazley,Aleksej Pokusevski,Tre Mann,Josh Giddey,Kenrich Williams,4,68,89,0:10:16,0:01:44,0:00:00,360,DEN,substitution,,,,,Davon Reed,Bones Hyland,,,,Bones Hyland,,,,,,sub,,,,,,SUB: Reed FOR Hyland
22100474,2021-22 Regular Season,2021-12-22,Facundo Campazzo,Bones Hyland,Vlatko Cancar,Austin Rivers,JaMychal Green,Darius Bazley,Aleksej Pokusevski,Tre Mann,Josh Giddey,Kenrich Williams,4,69,89,0:10:16,0:01:44,0:00:00,361,DEN,free throw,,,,,,,2,,2,Vlatko Cancar,1,,,made,,free throw 2/2,,,,,,Cancar Free Throw 2 of 2 (6 PTS)
22100474,2021-22 Regular Season,2021-12-22,Facundo Campazzo,Davon Reed,Vlatko Cancar,Austin Rivers,JaMychal Green,Darius Bazley,Aleksej Pokusevski,Tre Mann,Josh Giddey,Kenrich Williams,4,69,89,0:10:05,0:01:55,0:00:11,362,OKC,foul,,,,,,,,Facundo Campazzo,,Aleksej Pokusevski,,,offensive charge foul,,,offensive charge,,,,,,Pokusevski Offensive Charge Foul (P3) (P.Ransom)
22100474,2021-22 Regular Season,2021-12-22,Facundo Campazzo,Davon Reed,Vlatko Cancar,Austin Rivers,JaMychal Green,Darius Bazley,Aleksej Pokusevski,Tre Mann,Josh Giddey,Kenrich Williams,4,69,89,0:10:05,0:01:55,0:00:00,363,OKC,turnover,,,,,,,,,,Aleksej Pokusevski,,,offensive foul turnover,,,offensive foul,,,,,,Pokusevski Offensive Foul Turnover (P3.T8)
22100474,2021-22 Regular Season,2021-12-22,Facundo Campazzo,Davon Reed,Vlatko Cancar,Austin Rivers,JaMychal Green,Darius Bazley,Aleksej Pokusevski,Tre Mann,Josh Giddey,Kenrich Williams,4,71,89,0:09:57,0:02:03,0:00:08,364,DEN,shot,Facundo Campazzo,,,,,,,,,Vlatko Cancar,2,,,made,,driving floating jump shot,13,-66,116,31.6,16.6,Cancar 13' Driving Floating Jump Shot (8 PTS) (Campazzo 3 AST)
22100474,2021-22 Regular Season,2021-12-22,Facundo Campazzo,Davon Reed,Vlatko Cancar,Austin Rivers,JaMychal Green,Darius Bazley,Aleksej Pokusevski,Tre Mann,Josh Giddey,Kenrich Williams,4,71,89,0:09:39,0:02:21,0:00:18,365,OKC,timeout,,,,,,,,,,,,,,,,timeout: regular,,,,,,THUNDER Timeout: Regular (Full 3 Short 0)
22100474,2021-22 Regular Season,2021-12-22,Facundo Campazzo,Davon Reed,Vlatko Cancar,Austin Rivers,JaMychal Green,Darius Bazley,Aleksej Pokusevski,Tre Mann,Josh Giddey,Kenrich Williams,4,71,89,0:09:37,0:02:23,0:00:02,366,OKC,shot,,,,Vlatko Cancar,,,,,,Kenrich Williams,0,,,missed,,layup,2,-15,13,23.5,87.7,MISS Williams 2' Layup: Cancar BLOCK (1 BLK)
22100474,2021-22 Regular Season,2021-12-22,Facundo Campazzo,Davon Reed,Vlatko Cancar,Austin Rivers,JaMychal Green,Darius Bazley,Aleksej Pokusevski,Tre Mann,Josh Giddey,Kenrich Williams,4,71,89,0:09:37,0:02:23,0:00:00,367,OKC,rebound,,,,,,,,,,,,,,,,rebound offensive,,,,,,THUNDER Rebound
22100474,2021-22 Regular Season,2021-12-22,Facundo Campazzo,Davon Reed,Vlatko Cancar,Austin Rivers,JaMychal Green,Darius Bazley,Aleksej Pokusevski,Tre Mann,Josh Giddey,Kenrich Williams,4,71,89,0:09:28,0:02:32,0:00:09,368,OKC,shot,,,,,,,,,,Josh Giddey,0,,,missed,,3pt jump shot,29,-179,223,7.099999999999998,66.7,MISS Giddey 29' 3PT Jump Shot
22100474,2021-22 Regular Season,2021-12-22,Facundo Campazzo,Davon Reed,Vlatko Cancar,Austin Rivers,JaMychal Green,Darius Bazley,Aleksej Pokusevski,Tre Mann,Josh Giddey,Kenrich Williams,4,71,89,0:09:25,0:02:35,0:00:03,369,DEN,rebound,,,,,,,,,,Davon Reed,,,,,,rebound defensive,,,,,,Reed REBOUND (Off:0 Def:1)
22100474,2021-22 Regular Season,2021-12-22,Facundo Campazzo,Davon Reed,Vlatko Cancar,Austin Rivers,JaMychal Green,Darius Bazley,Aleksej Pokusevski,Tre Mann,Josh Giddey,Kenrich Williams,4,71,89,0:09:15,0:02:45,0:00:10,370,DEN,shot,,,,,,,,,,Vlatko Cancar,0,,,missed,,3pt jump shot,27,156,221,9.399999999999999,27.1,MISS Cancar 27' 3PT Jump Shot
22100474,2021-22 Regular Season,2021-12-22,Facundo Campazzo,Davon Reed,Vlatko Cancar,Austin Rivers,JaMychal Green,Darius Bazley,Aleksej Pokusevski,Tre Mann,Josh Giddey,Kenrich Williams,4,71,89,0:09:13,0:02:47,0:00:02,371,OKC,rebound,,,,,,,,,,,,,,,,rebound defensive,,,,,,THUNDER Rebound
22100474,2021-22 Regular Season,2021-12-22,Facundo Campazzo,Davon Reed,Vlatko Cancar,Austin Rivers,JaMychal Green,Darius Bazley,Aleksej Pokusevski,Tre Mann,Josh Giddey,Kenrich Williams,4,71,89,0:09:02,0:02:58,0:00:11,372,OKC,shot,,,,,,,,,,Tre Mann,0,,,missed,,3pt jump shot,28,-118,257,13.2,63.3,MISS Mann 28' 3PT Jump Shot
22100474,2021-22 Regular Season,2021-12-22,Facundo Campazzo,Davon Reed,Vlatko Cancar,Austin Rivers,JaMychal Green,Darius Bazley,Aleksej Pokusevski,Tre Mann,Josh Giddey,Kenrich Williams,4,71,89,0:09:00,0:03:00,0:00:02,373,DEN,rebound,,,,,,,,,,,,,,,,rebound defensive,,,,,,Nuggets Rebound
22100474,2021-22 Regular Season,2021-12-22,Facundo Campazzo,Davon Reed,Vlatko Cancar,Austin Rivers,JaMychal Green,Darius Bazley,Aleksej Pokusevski,Tre Mann,Josh Giddey,Kenrich Williams,4,74,89,0:08:46,0:03:14,0:00:14,374,DEN,shot,Austin Rivers,,,,,,,,,Facundo Campazzo,3,,,made,,3pt jump shot,25,168,184,8.2,23.400000000000002,Campazzo 25' 3PT Jump Shot (5 PTS) (Rivers 2 AST)
22100474,2021-22 Regular Season,2021-12-22,Facundo Campazzo,Davon Reed,Vlatko Cancar,Austin Rivers,JaMychal Green,Darius Bazley,Aleksej Pokusevski,Tre Mann,Josh Giddey,Kenrich Williams,4,74,89,0:08:30,0:03:30,0:00:16,375,OKC,shot,,,,,,,,,,Aleksej Pokusevski,0,,,missed,,jump shot,16,-59,153,19.1,73.7,MISS Pokusevski 16' Pullup Jump Shot
22100474,2021-22 Regular Season,2021-12-22,Facundo Campazzo,Davon Reed,Vlatko Cancar,Austin Rivers,JaMychal Green,Darius Bazley,Aleksej Pokusevski,Tre Mann,Josh Giddey,Kenrich Williams,4,74,89,0:08:27,0:03:33,0:00:03,376,DEN,rebound,,,,,,,,,,Facundo Campazzo,,,,,,rebound defensive,,,,,,Campazzo REBOUND (Off:0 Def:2)
22100474,2021-22 Regular Season,2021-12-22,Facundo Campazzo,Davon Reed,Vlatko Cancar,Austin Rivers,JaMychal Green,Darius Bazley,Aleksej Pokusevski,Tre Mann,Josh Giddey,Kenrich Williams,4,77,89,0:08:17,0:03:43,0:00:10,377,DEN,shot,Facundo Campazzo,,,,,,,,,Austin Rivers,3,,,made,,3pt jump shot,26,180,194,7.0,24.400000000000002,Rivers 26' 3PT Jump Shot (7 PTS) (Campazzo 4 AST)
22100474,2021-22 Regular Season,2021-12-22,Facundo Campazzo,Davon Reed,Vlatko Cancar,Austin Rivers,JaMychal Green,Darius Bazley,Aleksej Pokusevski,Tre Mann,Josh Giddey,Kenrich Williams,4,77,89,0:08:16,0:03:44,0:00:01,378,OKC,timeout,,,,,,,,,,,,,,,,timeout: regular,,,,,,THUNDER Timeout: Regular (Full 4 Short 0)
22100474,2021-22 Regular Season,2021-12-22,Facundo Campazzo,Davon Reed,Vlatko Cancar,Austin Rivers,JaMychal Green,Darius Bazley,Aleksej Pokusevski,Tre Mann,Jeremiah Robinson-Earl,Kenrich Williams,4,77,89,0:08:16,0:03:44,0:00:00,379,OKC,substitution,,,,,Jeremiah Robinson-Earl,Josh Giddey,,,,Josh Giddey,,,,,,sub,,,,,,SUB: Robinson-Earl FOR Giddey
22100474,2021-22 Regular Season,2021-12-22,Facundo Campazzo,Davon Reed,Vlatko Cancar,Austin Rivers,JaMychal Green,Darius Bazley,Shai Gilgeous-Alexander,Tre Mann,Jeremiah Robinson-Earl,Kenrich Williams,4,77,89,0:08:16,0:03:44,0:00:00,380,OKC,substitution,,,,,Shai Gilgeous-Alexander,Aleksej Pokusevski,,,,Aleksej Pokusevski,,,,,,sub,,,,,,SUB: Gilgeous-Alexander FOR Pokusevski
22100474,2021-22 Regular Season,2021-12-22,Facundo Campazzo,Davon Reed,Vlatko Cancar,Austin Rivers,JaMychal Green,Darius Bazley,Shai Gilgeous-Alexander,Luguentz Dort,Jeremiah Robinson-Earl,Kenrich Williams,4,77,89,0:08:16,0:03:44,0:00:00,381,OKC,substitution,,,,,Luguentz Dort,Tre Mann,,,,Tre Mann,,,,,,sub,,,,,,SUB: Dort FOR Mann
22100474,2021-22 Regular Season,2021-12-22,Facundo Campazzo,Davon Reed,Vlatko Cancar,Austin Rivers,JaMychal Green,Darius Bazley,Shai Gilgeous-Alexander,Luguentz Dort,Jeremiah Robinson-Earl,Kenrich Williams,4,77,92,0:08:02,0:03:58,0:00:14,382,OKC,shot,Shai Gilgeous-Alexander,,,,,,,,,Luguentz Dort,3,,,made,,3pt jump shot,28,-185,212,6.5,67.8,Dort 28' 3PT Jump Shot (12 PTS) (Gilgeous-Alexander 10 AST)
22100474,2021-22 Regular Season,2021-12-22,Facundo Campazzo,Davon Reed,Vlatko Cancar,Austin Rivers,JaMychal Green,Darius Bazley,Shai Gilgeous-Alexander,Luguentz Dort,Jeremiah Robinson-Earl,Kenrich Williams,4,77,92,0:07:47,0:04:13,0:00:15,383,OKC,foul,,,,,,,,Vlatko Cancar,,Jeremiah Robinson-Earl,,,s.foul,,,shooting,,,,,,Robinson-Earl S.FOUL (P2.T3) (P.Ransom)
22100474,2021-22 Regular Season,2021-12-22,Facundo Campazzo,Davon Reed,Vlatko Cancar,Austin Rivers,JaMychal Green,Darius Bazley,Shai Gilgeous-Alexander,Luguentz Dort,Jeremiah Robinson-Earl,Kenrich Williams,4,77,92,0:07:47,0:04:13,0:00:00,384,DEN,free throw,,,,,,,1,,2,Vlatko Cancar,0,,,missed,,free throw 1/2,,,,,,MISS Cancar Free Throw 1 of 2
22100474,2021-22 Regular Season,2021-12-22,Facundo Campazzo,Davon Reed,Vlatko Cancar,Austin Rivers,JaMychal Green,Darius Bazley,Shai Gilgeous-Alexander,Luguentz Dort,Jeremiah Robinson-Earl,Kenrich Williams,4,77,92,0:07:47,0:04:13,0:00:00,385,DEN,rebound,,,,,,,,,,,,,,,,team rebound,,,,,,Nuggets Rebound
22100474,2021-22 Regular Season,2021-12-22,Facundo Campazzo,Davon Reed,Vlatko Cancar,Austin Rivers,JaMychal Green,Darius Bazley,Shai Gilgeous-Alexander,Luguentz Dort,Jeremiah Robinson-Earl,Kenrich Williams,4,78,92,0:07:47,0:04:13,0:00:00,386,DEN,free throw,,,,,,,2,,2,Vlatko Cancar,1,,,made,,free throw 2/2,,,,,,Cancar Free Throw 2 of 2 (9 PTS)
22100474,2021-22 Regular Season,2021-12-22,Facundo Campazzo,Davon Reed,Vlatko Cancar,Austin Rivers,JaMychal Green,Darius Bazley,Shai Gilgeous-Alexander,Luguentz Dort,Jeremiah Robinson-Earl,Kenrich Williams,4,78,92,0:07:32,0:04:28,0:00:15,387,OKC,shot,,,,,,,,,,Shai Gilgeous-Alexander,0,,,missed,,3pt step back jump shot,27,-33,265,21.7,62.5,MISS Gilgeous-Alexander 27' 3PT Step Back Jump Shot
22100474,2021-22 Regular Season,2021-12-22,Facundo Campazzo,Davon Reed,Vlatko Cancar,Austin Rivers,JaMychal Green,Darius Bazley,Shai Gilgeous-Alexander,Luguentz Dort,Jeremiah Robinson-Earl,Kenrich Williams,4,78,92,0:07:29,0:04:31,0:00:03,388,DEN,rebound,,,,,,,,,,JaMychal Green,,,,,,rebound defensive,,,,,,Green REBOUND (Off:1 Def:5)
22100474,2021-22 Regular Season,2021-12-22,Facundo Campazzo,Davon Reed,Vlatko Cancar,Austin Rivers,JaMychal Green,Darius Bazley,Shai Gilgeous-Alexander,Luguentz Dort,Jeremiah Robinson-Earl,Kenrich Williams,4,78,92,0:07:21,0:04:39,0:00:08,389,OKC,foul,,,,,,,,Vlatko Cancar,,Shai Gilgeous-Alexander,,,p.foul,,,personal,,,,,,Gilgeous-Alexander P.FOUL (P3.T4) (B.Kennedy)
22100474,2021-22 Regular Season,2021-12-22,Facundo Campazzo,Davon Reed,Vlatko Cancar,Austin Rivers,JaMychal Green,Darius Bazley,Shai Gilgeous-Alexander,Luguentz Dort,Jeremiah Robinson-Earl,Kenrich Williams,4,78,92,0:07:16,0:04:44,0:00:05,390,DEN,shot,,,,,,,,,,Vlatko Cancar,0,,,missed,,3pt jump shot,26,22,256,22.8,30.6,MISS Cancar 26' 3PT Jump Shot
22100474,2021-22 Regular Season,2021-12-22,Facundo Campazzo,Davon Reed,Vlatko Cancar,Austin Rivers,JaMychal Green,Darius Bazley,Shai Gilgeous-Alexander,Luguentz Dort,Jeremiah Robinson-Earl,Kenrich Williams,4,78,92,0:07:13,0:04:47,0:00:03,391,OKC,rebound,,,,,,,,,,,,,,,,rebound defensive,,,,,,THUNDER Rebound
22100474,2021-22 Regular Season,2021-12-22,Facundo Campazzo,Davon Reed,Vlatko Cancar,Austin Rivers,JaMychal Green,Darius Bazley,Shai Gilgeous-Alexander,Luguentz Dort,Jeremiah Robinson-Earl,Kenrich Williams,4,78,92,0:06:55,0:05:05,0:00:18,392,OKC,shot,,,,,,,,,,Darius Bazley,0,,,missed,,3pt step back jump shot,22,224,8,47.400000000000006,88.2,MISS Bazley 3PT Step Back Jump Shot
22100474,2021-22 Regular Season,2021-12-22,Facundo Campazzo,Davon Reed,Vlatko Cancar,Austin Rivers,JaMychal Green,Darius Bazley,Shai Gilgeous-Alexander,Luguentz Dort,Jeremiah Robinson-Earl,Kenrich Williams,4,78,92,0:06:51,0:05:09,0:00:04,393,DEN,rebound,,,,,,,,,,Vlatko Cancar,,,,,,rebound defensive,,,,,,Cancar REBOUND (Off:0 Def:3)
22100474,2021-22 Regular Season,2021-12-22,Facundo Campazzo,Davon Reed,Vlatko Cancar,Austin Rivers,JaMychal Green,Darius Bazley,Shai Gilgeous-Alexander,Luguentz Dort,Jeremiah Robinson-Earl,Kenrich Williams,4,80,92,0:06:36,0:05:24,0:00:15,394,DEN,shot,,,,,,,,,,Davon Reed,2,,,made,,jump shot,17,53,166,19.7,21.6,Reed 17' Pullup Jump Shot (2 PTS)
22100474,2021-22 Regular Season,2021-12-22,Facundo Campazzo,Davon Reed,Vlatko Cancar,Austin Rivers,JaMychal Green,Darius Bazley,Shai Gilgeous-Alexander,Luguentz Dort,Jeremiah Robinson-Earl,Kenrich Williams,4,80,92,0:06:21,0:05:39,0:00:15,395,DEN,foul,,,,,,,,Shai Gilgeous-Alexander,,JaMychal Green,,,p.foul,,,personal,,,,,,Green P.FOUL (P3.T2) (P.Ransom)
22100474,2021-22 Regular Season,2021-12-22,Facundo Campazzo,Davon Reed,Vlatko Cancar,Austin Rivers,JaMychal Green,Darius Bazley,Shai Gilgeous-Alexander,Luguentz Dort,Jeremiah Robinson-Earl,Kenrich Williams,4,80,92,0:06:14,0:05:46,0:00:07,396,OKC,shot,,,,,,,,,,Shai Gilgeous-Alexander,0,,,missed,,jump shot,20,-113,165,13.7,72.5,MISS Gilgeous-Alexander 20' Step Back Jump Shot
22100474,2021-22 Regular Season,2021-12-22,Facundo Campazzo,Davon Reed,Vlatko Cancar,Austin Rivers,JaMychal Green,Darius Bazley,Shai Gilgeous-Alexander,Luguentz Dort,Jeremiah Robinson-Earl,Kenrich Williams,4,80,92,0:06:12,0:05:48,0:00:02,397,OKC,rebound,,,,,,,,,,Jeremiah Robinson-Earl,,,,,,rebound offensive,,,,,,Robinson-Earl REBOUND (Off:5 Def:2)
22100474,2021-22 Regular Season,2021-12-22,Facundo Campazzo,Davon Reed,Vlatko Cancar,Austin Rivers,JaMychal Green,Darius Bazley,Shai Gilgeous-Alexander,Luguentz Dort,Jeremiah Robinson-Earl,Kenrich Williams,4,80,92,0:06:12,0:05:48,0:00:00,398,DEN,foul,,,,,,,,Jeremiah Robinson-Earl,,Davon Reed,,,s.foul,,,shooting,,,,,,Reed S.FOUL (P1.T3) (D.Taylor)
22100474,2021-22 Regular Season,2021-12-22,Facundo Campazzo,Davon Reed,Vlatko Cancar,Austin Rivers,JaMychal Green,Darius Bazley,Shai Gilgeous-Alexander,Luguentz Dort,Jeremiah Robinson-Earl,Kenrich Williams,4,80,93,0:06:12,0:05:48,0:00:00,399,OKC,free throw,,,,,,,1,,2,Jeremiah Robinson-Earl,1,,,made,,free throw 1/2,,,,,,Robinson-Earl Free Throw 1 of 2 (10 PTS)
22100474,2021-22 Regular Season,2021-12-22,Facundo Campazzo,Davon Reed,Vlatko Cancar,Austin Rivers,JaMychal Green,Darius Bazley,Shai Gilgeous-Alexander,Luguentz Dort,Jeremiah Robinson-Earl,Kenrich Williams,4,80,93,0:06:12,0:05:48,0:00:00,400,OKC,free throw,,,,,,,2,,2,Jeremiah Robinson-Earl,0,,,missed,,free throw 2/2,,,,,,MISS Robinson-Earl Free Throw 2 of 2
22100474,2021-22 Regular Season,2021-12-22,Facundo Campazzo,Davon Reed,Vlatko Cancar,Austin Rivers,JaMychal Green,Darius Bazley,Shai Gilgeous-Alexander,Luguentz Dort,Jeremiah Robinson-Earl,Kenrich Williams,4,80,93,0:06:09,0:05:51,0:00:03,401,DEN,rebound,,,,,,,,,,Davon Reed,,,,,,rebound defensive,,,,,,Reed REBOUND (Off:0 Def:2)
22100474,2021-22 Regular Season,2021-12-22,Facundo Campazzo,Davon Reed,Vlatko Cancar,Austin Rivers,JaMychal Green,Darius Bazley,Shai Gilgeous-Alexander,Luguentz Dort,Jeremiah Robinson-Earl,Kenrich Williams,4,83,93,0:05:59,0:06:01,0:00:10,402,DEN,shot,Facundo Campazzo,,,,,,,,,Davon Reed,3,,,made,,3pt jump shot,24,233,29,1.6999999999999993,7.9,Reed 3PT Jump Shot (5 PTS) (Campazzo 5 AST)
22100474,2021-22 Regular Season,2021-12-22,Facundo Campazzo,Davon Reed,Vlatko Cancar,Austin Rivers,JaMychal Green,Darius Bazley,Shai Gilgeous-Alexander,Luguentz Dort,Jeremiah Robinson-Earl,Kenrich Williams,4,83,93,0:05:44,0:06:16,0:00:15,403,OKC,shot,,,,,,,,,,Luguentz Dort,0,,,missed,,3pt jump shot,27,-190,188,6.0,70.2,MISS Dort 27' 3PT Jump Shot
22100474,2021-22 Regular Season,2021-12-22,Facundo Campazzo,Davon Reed,Vlatko Cancar,Austin Rivers,JaMychal Green,Darius Bazley,Shai Gilgeous-Alexander,Luguentz Dort,Jeremiah Robinson-Earl,Kenrich Williams,4,83,93,0:05:42,0:06:18,0:00:02,404,OKC,rebound,,,,,,,,,,Darius Bazley,,,,,,rebound offensive,,,,,,Bazley REBOUND (Off:2 Def:5)
22100474,2021-22 Regular Season,2021-12-22,Facundo Campazzo,Davon Reed,Vlatko Cancar,Austin Rivers,JaMychal Green,Darius Bazley,Shai Gilgeous-Alexander,Luguentz Dort,Jeremiah Robinson-Earl,Kenrich Williams,4,83,93,0:05:37,0:06:23,0:00:05,405,DEN,foul,,,,,,,,Shai Gilgeous-Alexander,,Davon Reed,,,p.foul,,,personal,,,,,,Reed P.FOUL (P2.T4) (P.Ransom)
22100474,2021-22 Regular Season,2021-12-22,Facundo Campazzo,Davon Reed,Vlatko Cancar,Austin Rivers,JaMychal Green,Darius Bazley,Shai Gilgeous-Alexander,Luguentz Dort,Jeremiah Robinson-Earl,Josh Giddey,4,83,93,0:05:37,0:06:23,0:00:00,406,OKC,substitution,,,,,Josh Giddey,Kenrich Williams,,,,Kenrich Williams,,,,,,sub,,,,,,SUB: Giddey FOR Williams
22100474,2021-22 Regular Season,2021-12-22,Facundo Campazzo,Davon Reed,Vlatko Cancar,Austin Rivers,JaMychal Green,Darius Bazley,Shai Gilgeous-Alexander,Luguentz Dort,Jeremiah Robinson-Earl,Josh Giddey,4,83,93,0:05:27,0:06:33,0:00:10,407,OKC,shot,,,,,,,,,,Jeremiah Robinson-Earl,0,,,missed,,cutting layup shot,6,-53,34,19.7,85.6,MISS Robinson-Earl 6' Cutting Layup Shot
22100474,2021-22 Regular Season,2021-12-22,Facundo Campazzo,Davon Reed,Vlatko Cancar,Austin Rivers,JaMychal Green,Darius Bazley,Shai Gilgeous-Alexander,Luguentz Dort,Jeremiah Robinson-Earl,Josh Giddey,4,83,93,0:05:25,0:06:35,0:00:02,408,DEN,rebound,,,,,,,,,,Vlatko Cancar,,,,,,rebound defensive,,,,,,Cancar REBOUND (Off:0 Def:4)
22100474,2021-22 Regular Season,2021-12-22,Facundo Campazzo,Davon Reed,Vlatko Cancar,Austin Rivers,JaMychal Green,Darius Bazley,Shai Gilgeous-Alexander,Luguentz Dort,Jeremiah Robinson-Earl,Josh Giddey,4,83,93,0:05:18,0:06:42,0:00:07,409,DEN,turnover,,,,,,,,,,Vlatko Cancar,,,,,Josh Giddey,lost ball,,,,,,Giddey STEAL (1 STL): Cancar Lost Ball Turnover (P2.T10)
22100474,2021-22 Regular Season,2021-12-22,Facundo Campazzo,Davon Reed,Vlatko Cancar,Austin Rivers,JaMychal Green,Darius Bazley,Shai Gilgeous-Alexander,Luguentz Dort,Jeremiah Robinson-Earl,Josh Giddey,4,83,93,0:05:04,0:06:56,0:00:14,410,DEN,foul,,,,,,,,Shai Gilgeous-Alexander,,Facundo Campazzo,,,p.foul,,,personal,,,,,,Campazzo P.FOUL (P3.PN) (D.Taylor)
22100474,2021-22 Regular Season,2021-12-22,Facundo Campazzo,Davon Reed,Vlatko Cancar,Austin Rivers,JaMychal Green,Darius Bazley,Shai Gilgeous-Alexander,Luguentz Dort,Jeremiah Robinson-Earl,Josh Giddey,4,83,93,0:05:04,0:06:56,0:00:00,411,DEN,timeout,,,,,,,,,,,,,,,,timeout: regular,,,,,,Nuggets Timeout: Regular (Reg.5 Short 0)
22100474,2021-22 Regular Season,2021-12-22,Facundo Campazzo,Davon Reed,Vlatko Cancar,Austin Rivers,JaMychal Green,Darius Bazley,Shai Gilgeous-Alexander,Luguentz Dort,Jeremiah Robinson-Earl,Josh Giddey,4,83,94,0:05:04,0:06:56,0:00:00,412,OKC,free throw,,,,,,,1,,2,Shai Gilgeous-Alexander,1,,,made,,free throw 1/2,,,,,,Gilgeous-Alexander Free Throw 1 of 2 (24 PTS)
22100474,2021-22 Regular Season,2021-12-22,Facundo Campazzo,Davon Reed,Vlatko Cancar,Austin Rivers,JaMychal Green,Darius Bazley,Shai Gilgeous-Alexander,Luguentz Dort,Jeremiah Robinson-Earl,Josh Giddey,4,83,95,0:05:04,0:06:56,0:00:00,413,OKC,free throw,,,,,,,2,,2,Shai Gilgeous-Alexander,1,,,made,,free throw 2/2,,,,,,Gilgeous-Alexander Free Throw 2 of 2 (25 PTS)
22100474,2021-22 Regular Season,2021-12-22,Facundo Campazzo,Davon Reed,Vlatko Cancar,Austin Rivers,JaMychal Green,Darius Bazley,Shai Gilgeous-Alexander,Luguentz Dort,Jeremiah Robinson-Earl,Josh Giddey,4,86,95,0:04:50,0:07:10,0:00:14,414,DEN,shot,,,,,,,,,,Austin Rivers,3,,,made,,3pt step back jump shot,25,129,216,12.1,26.6,Rivers 25' 3PT Step Back Jump Shot (10 PTS)
22100474,2021-22 Regular Season,2021-12-22,Facundo Campazzo,Davon Reed,Vlatko Cancar,Austin Rivers,JaMychal Green,Darius Bazley,Shai Gilgeous-Alexander,Luguentz Dort,Jeremiah Robinson-Earl,Josh Giddey,4,86,95,0:04:24,0:07:36,0:00:26,415,DEN,foul,,,,,,,,Shai Gilgeous-Alexander,,Austin Rivers,,,p.foul,,,personal,,,,,,Rivers P.FOUL (P2.PN) (B.Kennedy)
22100474,2021-22 Regular Season,2021-12-22,Facundo Campazzo,Davon Reed,Vlatko Cancar,Austin Rivers,JaMychal Green,Darius Bazley,Shai Gilgeous-Alexander,Luguentz Dort,Jeremiah Robinson-Earl,Josh Giddey,4,86,96,0:04:24,0:07:36,0:00:00,416,OKC,free throw,,,,,,,1,,2,Shai Gilgeous-Alexander,1,,,made,,free throw 1/2,,,,,,Gilgeous-Alexander Free Throw 1 of 2 (26 PTS)
22100474,2021-22 Regular Season,2021-12-22,Facundo Campazzo,Davon Reed,Vlatko Cancar,Austin Rivers,JaMychal Green,Darius Bazley,Shai Gilgeous-Alexander,Luguentz Dort,Jeremiah Robinson-Earl,Josh Giddey,4,86,97,0:04:24,0:07:36,0:00:00,417,OKC,free throw,,,,,,,2,,2,Shai Gilgeous-Alexander,1,,,made,,free throw 2/2,,,,,,Gilgeous-Alexander Free Throw 2 of 2 (27 PTS)
22100474,2021-22 Regular Season,2021-12-22,Facundo Campazzo,Davon Reed,Vlatko Cancar,Austin Rivers,JaMychal Green,Darius Bazley,Shai Gilgeous-Alexander,Luguentz Dort,Jeremiah Robinson-Earl,Josh Giddey,4,86,97,0:04:20,0:07:40,0:00:04,418,OKC,foul,,,,,,,,Facundo Campazzo,,Shai Gilgeous-Alexander,,,p.foul,,,personal,,,,,,Gilgeous-Alexander P.FOUL (P4.PN) (P.Ransom)
22100474,2021-22 Regular Season,2021-12-22,Facundo Campazzo,Davon Reed,Vlatko Cancar,Austin Rivers,JaMychal Green,Darius Bazley,Shai Gilgeous-Alexander,Luguentz Dort,Jeremiah Robinson-Earl,Josh Giddey,4,87,97,0:04:20,0:07:40,0:00:00,419,DEN,free throw,,,,,,,1,,2,Facundo Campazzo,1,,,made,,free throw 1/2,,,,,,Campazzo Free Throw 1 of 2 (6 PTS)
22100474,2021-22 Regular Season,2021-12-22,Facundo Campazzo,Davon Reed,Vlatko Cancar,Austin Rivers,JaMychal Green,Darius Bazley,Shai Gilgeous-Alexander,Luguentz Dort,Jeremiah Robinson-Earl,Josh Giddey,4,87,97,0:04:20,0:07:40,0:00:00,420,DEN,free throw,,,,,,,2,,2,Facundo Campazzo,0,,,missed,,free throw 2/2,,,,,,MISS Campazzo Free Throw 2 of 2
22100474,2021-22 Regular Season,2021-12-22,Facundo Campazzo,Davon Reed,Vlatko Cancar,Austin Rivers,JaMychal Green,Darius Bazley,Shai Gilgeous-Alexander,Luguentz Dort,Jeremiah Robinson-Earl,Josh Giddey,4,87,97,0:04:18,0:07:42,0:00:02,421,OKC,rebound,,,,,,,,,,Darius Bazley,,,,,,rebound defensive,,,,,,Bazley REBOUND (Off:2 Def:6)
22100474,2021-22 Regular Season,2021-12-22,Facundo Campazzo,Davon Reed,Vlatko Cancar,Austin Rivers,JaMychal Green,Darius Bazley,Shai Gilgeous-Alexander,Luguentz Dort,Jeremiah Robinson-Earl,Josh Giddey,4,87,97,0:04:04,0:07:56,0:00:14,422,DEN,violation,,,,,,,,,,Facundo Campazzo,,,,,,kicked ball,,,,,,Campazzo Violation:Kicked Ball (B.Kennedy)
22100474,2021-22 Regular Season,2021-12-22,Facundo Campazzo,Davon Reed,Vlatko Cancar,Austin Rivers,JaMychal Green,Darius Bazley,Shai Gilgeous-Alexander,Luguentz Dort,Jeremiah Robinson-Earl,Josh Giddey,4,87,97,0:03:57,0:08:03,0:00:07,423,OKC,turnover,,,,,,,,,,Josh Giddey,,,traveling,,,traveling,,,,,,Giddey Traveling Turnover (P1.T9)
22100474,2021-22 Regular Season,2021-12-22,Facundo Campazzo,Davon Reed,Vlatko Cancar,Austin Rivers,JaMychal Green,Darius Bazley,Shai Gilgeous-Alexander,Luguentz Dort,Jeremiah Robinson-Earl,Josh Giddey,4,87,97,0:03:41,0:08:19,0:00:16,424,DEN,shot,,,,,,,,,,Vlatko Cancar,0,,,missed,,cutting layup shot,8,62,51,18.8,10.100000000000001,MISS Cancar 8' Cutting Layup Shot
22100474,2021-22 Regular Season,2021-12-22,Facundo Campazzo,Davon Reed,Vlatko Cancar,Austin Rivers,JaMychal Green,Darius Bazley,Shai Gilgeous-Alexander,Luguentz Dort,Jeremiah Robinson-Earl,Josh Giddey,4,87,97,0:03:38,0:08:22,0:00:03,425,OKC,rebound,,,,,,,,,,Darius Bazley,,,,,,rebound defensive,,,,,,Bazley REBOUND (Off:2 Def:7)
22100474,2021-22 Regular Season,2021-12-22,Facundo Campazzo,Davon Reed,Vlatko Cancar,Austin Rivers,JaMychal Green,Darius Bazley,Shai Gilgeous-Alexander,Luguentz Dort,Jeremiah Robinson-Earl,Josh Giddey,4,87,97,0:03:26,0:08:34,0:00:12,426,OKC,shot,,,,,,,,,,Shai Gilgeous-Alexander,0,,,missed,,driving layup,6,-42,42,20.8,84.8,MISS Gilgeous-Alexander 6' Driving Layup
22100474,2021-22 Regular Season,2021-12-22,Facundo Campazzo,Davon Reed,Vlatko Cancar,Austin Rivers,JaMychal Green,Darius Bazley,Shai Gilgeous-Alexander,Luguentz Dort,Jeremiah Robinson-Earl,Josh Giddey,4,87,97,0:03:25,0:08:35,0:00:01,427,OKC,rebound,,,,,,,,,,Darius Bazley,,,,,,rebound offensive,,,,,,Bazley REBOUND (Off:3 Def:7)
22100474,2021-22 Regular Season,2021-12-22,Facundo Campazzo,Davon Reed,Vlatko Cancar,Austin Rivers,JaMychal Green,Darius Bazley,Shai Gilgeous-Alexander,Luguentz Dort,Jeremiah Robinson-Earl,Josh Giddey,4,87,97,0:03:12,0:08:48,0:00:13,428,OKC,shot,,,,,,,,,,Shai Gilgeous-Alexander,0,,,missed,,3pt step back jump shot,25,-179,175,7.099999999999998,71.5,MISS Gilgeous-Alexander 25' 3PT Step Back Jump Shot
22100474,2021-22 Regular Season,2021-12-22,Facundo Campazzo,Davon Reed,Vlatko Cancar,Austin Rivers,JaMychal Green,Darius Bazley,Shai Gilgeous-Alexander,Luguentz Dort,Jeremiah Robinson-Earl,Josh Giddey,4,87,97,0:03:11,0:08:49,0:00:01,429,DEN,rebound,,,,,,,,,,JaMychal Green,,,,,,rebound defensive,,,,,,Green REBOUND (Off:1 Def:6)
22100474,2021-22 Regular Season,2021-12-22,Facundo Campazzo,Davon Reed,Vlatko Cancar,Austin Rivers,JaMychal Green,Darius Bazley,Shai Gilgeous-Alexander,Luguentz Dort,Jeremiah Robinson-Earl,Josh Giddey,4,87,97,0:03:02,0:08:58,0:00:09,430,DEN,shot,,,,,,,,,,Davon Reed,0,,,missed,,3pt jump shot,26,-126,225,37.6,27.5,MISS Reed 26' 3PT Jump Shot
22100474,2021-22 Regular Season,2021-12-22,Facundo Campazzo,Davon Reed,Vlatko Cancar,Austin Rivers,JaMychal Green,Darius Bazley,Shai Gilgeous-Alexander,Luguentz Dort,Jeremiah Robinson-Earl,Josh Giddey,4,87,97,0:02:56,0:09:04,0:00:06,431,OKC,rebound,,,,,,,,,,Shai Gilgeous-Alexander,,,,,,rebound defensive,,,,,,Gilgeous-Alexander REBOUND (Off:1 Def:8)
22100474,2021-22 Regular Season,2021-12-22,Facundo Campazzo,Davon Reed,Vlatko Cancar,Austin Rivers,JaMychal Green,Darius Bazley,Shai Gilgeous-Alexander,Luguentz Dort,Jeremiah Robinson-Earl,Josh Giddey,4,87,97,0:02:54,0:09:06,0:00:02,432,OKC,turnover,,,,,,,,,,Shai Gilgeous-Alexander,,,,,JaMychal Green,lost ball,,,,,,Gilgeous-Alexander Lost Ball Turnover (P1.T10): Green STEAL (3 STL)
22100474,2021-22 Regular Season,2021-12-22,Facundo Campazzo,Davon Reed,Vlatko Cancar,Austin Rivers,JaMychal Green,Darius Bazley,Shai Gilgeous-Alexander,Luguentz Dort,Jeremiah Robinson-Earl,Josh Giddey,4,89,97,0:02:50,0:09:10,0:00:04,433,DEN,shot,,,,,,,,,,Davon Reed,2,,,made,,layup,1,-12,6,26.2,5.6,Reed 1' Running Layup (7 PTS)
22100474,2021-22 Regular Season,2021-12-22,Facundo Campazzo,Davon Reed,Vlatko Cancar,Austin Rivers,JaMychal Green,Darius Bazley,Shai Gilgeous-Alexander,Luguentz Dort,Jeremiah Robinson-Earl,Josh Giddey,4,89,99,0:02:39,0:09:21,0:00:11,434,OKC,shot,Shai Gilgeous-Alexander,,,,,,,,,Luguentz Dort,2,,,made,,driving layup,6,47,42,29.7,84.8,Dort 6' Driving Layup (14 PTS) (Gilgeous-Alexander 11 AST)
22100474,2021-22 Regular Season,2021-12-22,Facundo Campazzo,Davon Reed,Vlatko Cancar,Austin Rivers,JaMychal Green,Darius Bazley,Shai Gilgeous-Alexander,Luguentz Dort,Jeremiah Robinson-Earl,Josh Giddey,4,89,99,0:02:39,0:09:21,0:00:00,435,DEN,foul,,,,,,,,Luguentz Dort,,Facundo Campazzo,,,s.foul,,,shooting,,,,,,Campazzo S.FOUL (P4.PN) (P.Ransom)
22100474,2021-22 Regular Season,2021-12-22,Facundo Campazzo,Davon Reed,Vlatko Cancar,Austin Rivers,JaMychal Green,Darius Bazley,Shai Gilgeous-Alexander,Luguentz Dort,Jeremiah Robinson-Earl,Josh Giddey,4,89,100,0:02:39,0:09:21,0:00:00,436,OKC,free throw,,,,,,,1,,1,Luguentz Dort,1,,,made,,free throw 1/1,,,,,,Dort Free Throw 1 of 1 (15 PTS)
22100474,2021-22 Regular Season,2021-12-22,Facundo Campazzo,Davon Reed,Vlatko Cancar,Austin Rivers,JaMychal Green,Darius Bazley,Shai Gilgeous-Alexander,Luguentz Dort,Jeremiah Robinson-Earl,Josh Giddey,4,89,100,0:02:33,0:09:27,0:00:06,437,DEN,shot,,,,,,,,,,Facundo Campazzo,0,,,missed,,3pt pullup jump shot,26,188,177,6.199999999999999,22.7,MISS Campazzo 26' 3PT Pullup Jump Shot
22100474,2021-22 Regular Season,2021-12-22,Facundo Campazzo,Davon Reed,Vlatko Cancar,Austin Rivers,JaMychal Green,Darius Bazley,Shai Gilgeous-Alexander,Luguentz Dort,Jeremiah Robinson-Earl,Josh Giddey,4,89,100,0:02:31,0:09:29,0:00:02,438,DEN,rebound,,,,,,,,,,Davon Reed,,,,,,rebound offensive,,,,,,Reed REBOUND (Off:1 Def:2)
22100474,2021-22 Regular Season,2021-12-22,Facundo Campazzo,Davon Reed,Vlatko Cancar,Austin Rivers,JaMychal Green,Darius Bazley,Shai Gilgeous-Alexander,Luguentz Dort,Jeremiah Robinson-Earl,Josh Giddey,4,89,100,0:02:27,0:09:33,0:00:04,439,DEN,turnover,,,,,,,,,,Davon Reed,,,,,Josh Giddey,lost ball,,,,,,Giddey STEAL (2 STL): Reed Lost Ball Turnover (P1.T11)
22100474,2021-22 Regular Season,2021-12-22,Facundo Campazzo,Davon Reed,Vlatko Cancar,Austin Rivers,JaMychal Green,Darius Bazley,Shai Gilgeous-Alexander,Luguentz Dort,Jeremiah Robinson-Earl,Josh Giddey,4,89,102,0:02:05,0:09:55,0:00:22,440,OKC,shot,Luguentz Dort,,,,,,,,,Darius Bazley,2,,,made,,dunk,1,9,8,25.9,88.2,Bazley 1' Dunk (15 PTS) (Dort 1 AST)
22100474,2021-22 Regular Season,2021-12-22,Facundo Campazzo,Davon Reed,Vlatko Cancar,Austin Rivers,JaMychal Green,Darius Bazley,Shai Gilgeous-Alexander,Luguentz Dort,Jeremiah Robinson-Earl,Josh Giddey,4,89,102,0:01:50,0:10:10,0:00:15,441,DEN,shot,,,,,,,,,,Davon Reed,0,,,missed,,3pt jump shot,23,-228,-25,47.8,2.5,MISS Reed 3PT Jump Shot
22100474,2021-22 Regular Season,2021-12-22,Facundo Campazzo,Davon Reed,Vlatko Cancar,Austin Rivers,JaMychal Green,Darius Bazley,Shai Gilgeous-Alexander,Luguentz Dort,Jeremiah Robinson-Earl,Josh Giddey,4,89,102,0:01:47,0:10:13,0:00:03,442,OKC,rebound,,,,,,,,,,Jeremiah Robinson-Earl,,,,,,rebound defensive,,,,,,Robinson-Earl REBOUND (Off:5 Def:3)
22100474,2021-22 Regular Season,2021-12-22,Facundo Campazzo,Davon Reed,Vlatko Cancar,Austin Rivers,JaMychal Green,Darius Bazley,Shai Gilgeous-Alexander,Luguentz Dort,Jeremiah Robinson-Earl,Josh Giddey,4,89,102,0:01:41,0:10:19,0:00:06,443,DEN,foul,,,,,,,,Jeremiah Robinson-Earl,,Davon Reed,,,s.foul,,,shooting,,,,,,Reed S.FOUL (P3.PN) (B.Kennedy)
22100474,2021-22 Regular Season,2021-12-22,Facundo Campazzo,Davon Reed,Vlatko Cancar,Austin Rivers,JaMychal Green,Darius Bazley,Shai Gilgeous-Alexander,Luguentz Dort,Jeremiah Robinson-Earl,Josh Giddey,4,89,103,0:01:41,0:10:19,0:00:00,444,OKC,free throw,,,,,,,1,,2,Jeremiah Robinson-Earl,1,,,made,,free throw 1/2,,,,,,Robinson-Earl Free Throw 1 of 2 (11 PTS)
22100474,2021-22 Regular Season,2021-12-22,Facundo Campazzo,Davon Reed,Vlatko Cancar,Austin Rivers,JaMychal Green,Darius Bazley,Shai Gilgeous-Alexander,Luguentz Dort,Jeremiah Robinson-Earl,Josh Giddey,4,89,104,0:01:41,0:10:19,0:00:00,445,OKC,free throw,,,,,,,2,,2,Jeremiah Robinson-Earl,1,,,made,,free throw 2/2,,,,,,Robinson-Earl Free Throw 2 of 2 (12 PTS)
22100474,2021-22 Regular Season,2021-12-22,Facundo Campazzo,Davon Reed,Vlatko Cancar,Austin Rivers,JaMychal Green,Darius Bazley,Shai Gilgeous-Alexander,Luguentz Dort,Jeremiah Robinson-Earl,Josh Giddey,4,89,104,0:01:41,0:10:19,0:00:00,446,DEN,timeout,,,,,,,,,,,,,,,,timeout: regular,,,,,,Nuggets Timeout: Regular (Reg.6 Short 0)
22100474,2021-22 Regular Season,2021-12-22,Facundo Campazzo,Davon Reed,Vlatko Cancar,Austin Rivers,JaMychal Green,Darius Bazley,Shai Gilgeous-Alexander,Luguentz Dort,Jeremiah Robinson-Earl,Josh Giddey,4,89,104,0:01:38,0:10:22,0:00:03,447,OKC,foul,,,,,,,,Austin Rivers,,Luguentz Dort,,,p.foul,,,personal,,,,,,Dort P.FOUL (P4.PN) (D.Taylor)
22100474,2021-22 Regular Season,2021-12-22,Facundo Campazzo,Davon Reed,Vlatko Cancar,Austin Rivers,Petr Cornelie,Darius Bazley,Shai Gilgeous-Alexander,Luguentz Dort,Jeremiah Robinson-Earl,Josh Giddey,4,89,104,0:01:38,0:10:22,0:00:00,448,DEN,substitution,,,,,Petr Cornelie,JaMychal Green,,,,JaMychal Green,,,,,,sub,,,,,,SUB: Cornelie FOR Green
22100474,2021-22 Regular Season,2021-12-22,Facundo Campazzo,Davon Reed,Vlatko Cancar,Austin Rivers,JaMychal Green,Darius Bazley,Shai Gilgeous-Alexander,Luguentz Dort,Jeremiah Robinson-Earl,Josh Giddey,4,89,104,0:01:38,0:10:22,0:00:00,449,DEN,free throw,,,,,,,1,,2,Austin Rivers,0,,,missed,,free throw 1/2,,,,,,MISS Rivers Free Throw 1 of 2
22100474,2021-22 Regular Season,2021-12-22,Facundo Campazzo,Davon Reed,Vlatko Cancar,Austin Rivers,Petr Cornelie,Darius Bazley,Shai Gilgeous-Alexander,Luguentz Dort,Jeremiah Robinson-Earl,Josh Giddey,4,89,104,0:01:38,0:10:22,0:00:00,450,DEN,rebound,,,,,,,,,,,,,,,,team rebound,,,,,,Nuggets Rebound
22100474,2021-22 Regular Season,2021-12-22,Facundo Campazzo,Davon Reed,Vlatko Cancar,Austin Rivers,JaMychal Green,Darius Bazley,Shai Gilgeous-Alexander,Luguentz Dort,Jeremiah Robinson-Earl,Josh Giddey,4,89,104,0:01:38,0:10:22,0:00:00,451,DEN,free throw,,,,,,,2,,2,Austin Rivers,0,,,missed,,free throw 2/2,,,,,,MISS Rivers Free Throw 2 of 2
22100474,2021-22 Regular Season,2021-12-22,Facundo Campazzo,Davon Reed,Vlatko Cancar,Austin Rivers,Petr Cornelie,Darius Bazley,Shai Gilgeous-Alexander,Luguentz Dort,Jeremiah Robinson-Earl,Josh Giddey,4,89,104,0:01:35,0:10:25,0:00:03,452,OKC,rebound,,,,,,,,,,Jeremiah Robinson-Earl,,,,,,rebound defensive,,,,,,Robinson-Earl REBOUND (Off:5 Def:4)
22100474,2021-22 Regular Season,2021-12-22,Facundo Campazzo,Davon Reed,Vlatko Cancar,Austin Rivers,Petr Cornelie,Darius Bazley,Shai Gilgeous-Alexander,Luguentz Dort,Jeremiah Robinson-Earl,Josh Giddey,4,89,104,0:01:33,0:10:27,0:00:02,453,OKC,jump ball,,,Jeremiah Robinson-Earl,,,,,,,,,,,,,jump ball,,,,,, 
22100474,2021-22 Regular Season,2021-12-22,Facundo Campazzo,Davon Reed,Vlatko Cancar,Austin Rivers,Petr Cornelie,Darius Bazley,Shai Gilgeous-Alexander,Luguentz Dort,Jeremiah Robinson-Earl,Josh Giddey,4,89,104,0:01:33,0:10:27,0:00:00,454,OKC,turnover,,,,,,,,,,Jeremiah Robinson-Earl,,,,,Petr Cornelie,lost ball,,,,,,Robinson-Earl Lost Ball Turnover (P1.T11): Cornelie STEAL (1 STL)
22100474,2021-22 Regular Season,2021-12-22,Facundo Campazzo,Davon Reed,Vlatko Cancar,Austin Rivers,Petr Cornelie,Darius Bazley,Shai Gilgeous-Alexander,Luguentz Dort,Jeremiah Robinson-Earl,Josh Giddey,4,91,104,0:01:27,0:10:33,0:00:06,455,DEN,shot,Facundo Campazzo,,,,,,,,,Austin Rivers,2,,,made,,floating jump shot,8,59,52,19.1,10.2,Rivers 8' Floating Jump Shot (12 PTS) (Campazzo 6 AST)
22100474,2021-22 Regular Season,2021-12-22,Facundo Campazzo,Davon Reed,Vlatko Cancar,Austin Rivers,Petr Cornelie,Darius Bazley,Shai Gilgeous-Alexander,Luguentz Dort,Jeremiah Robinson-Earl,Josh Giddey,4,91,104,0:01:16,0:10:44,0:00:11,456,OKC,shot,,,,Facundo Campazzo,,,,,,Jeremiah Robinson-Earl,0,,,missed,,layup,3,13,22,26.3,86.8,MISS Robinson-Earl 3' Layup: Campazzo BLOCK (2 BLK)
22100474,2021-22 Regular Season,2021-12-22,Facundo Campazzo,Davon Reed,Vlatko Cancar,Austin Rivers,Petr Cornelie,Darius Bazley,Shai Gilgeous-Alexander,Luguentz Dort,Jeremiah Robinson-Earl,Josh Giddey,4,91,104,0:01:13,0:10:47,0:00:03,457,DEN,rebound,,,,,,,,,,Davon Reed,,,,,,rebound defensive,,,,,,Reed REBOUND (Off:1 Def:3)
22100474,2021-22 Regular Season,2021-12-22,Facundo Campazzo,Davon Reed,Vlatko Cancar,Austin Rivers,Petr Cornelie,Darius Bazley,Shai Gilgeous-Alexander,Luguentz Dort,Jeremiah Robinson-Earl,Josh Giddey,4,91,104,0:01:09,0:10:51,0:00:04,458,DEN,shot,,,,,,,,,,Austin Rivers,0,,,missed,,3pt jump shot,23,229,38,2.099999999999998,8.8,MISS Rivers 3PT Jump Shot
22100474,2021-22 Regular Season,2021-12-22,Facundo Campazzo,Davon Reed,Vlatko Cancar,Austin Rivers,Petr Cornelie,Darius Bazley,Shai Gilgeous-Alexander,Luguentz Dort,Jeremiah Robinson-Earl,Josh Giddey,4,91,104,0:01:04,0:10:56,0:00:05,459,OKC,rebound,,,,,,,,,,Shai Gilgeous-Alexander,,,,,,rebound defensive,,,,,,Gilgeous-Alexander REBOUND (Off:1 Def:9)
22100474,2021-22 Regular Season,2021-12-22,Facundo Campazzo,Davon Reed,Vlatko Cancar,Austin Rivers,Petr Cornelie,Darius Bazley,Shai Gilgeous-Alexander,Luguentz Dort,Jeremiah Robinson-Earl,Josh Giddey,4,91,106,0:01:02,0:10:58,0:00:02,460,OKC,shot,Shai Gilgeous-Alexander,,,,,,,,,Jeremiah Robinson-Earl,2,,,made,,dunk,1,-5,10,24.5,88.0,Robinson-Earl 1' Dunk (14 PTS) (Gilgeous-Alexander 12 AST)
22100474,2021-22 Regular Season,2021-12-22,Facundo Campazzo,Davon Reed,Vlatko Cancar,Austin Rivers,Petr Cornelie,Darius Bazley,Shai Gilgeous-Alexander,Luguentz Dort,Jeremiah Robinson-Earl,Josh Giddey,4,94,106,0:00:50,0:11:10,0:00:12,461,DEN,shot,,,,,,,,,,Facundo Campazzo,3,,,made,,3pt jump shot,25,-120,219,37.0,26.900000000000002,Campazzo 25' 3PT Jump Shot (9 PTS)
22100474,2021-22 Regular Season,2021-12-22,Facundo Campazzo,Davon Reed,Vlatko Cancar,Austin Rivers,Petr Cornelie,Darius Bazley,Shai Gilgeous-Alexander,Luguentz Dort,Jeremiah Robinson-Earl,Josh Giddey,4,94,106,0:00:31,0:11:29,0:00:19,462,OKC,shot,,,,,,,,,,Luguentz Dort,0,,,missed,,3pt jump shot,24,237,8,48.7,88.2,MISS Dort 24' 3PT Jump Shot
22100474,2021-22 Regular Season,2021-12-22,Facundo Campazzo,Davon Reed,Vlatko Cancar,Austin Rivers,Petr Cornelie,Darius Bazley,Shai Gilgeous-Alexander,Luguentz Dort,Jeremiah Robinson-Earl,Josh Giddey,4,94,106,0:00:27,0:11:33,0:00:04,463,OKC,rebound,,,,,,,,,,Darius Bazley,,,,,,rebound offensive,,,,,,Bazley REBOUND (Off:4 Def:7)
22100474,2021-22 Regular Season,2021-12-22,Facundo Campazzo,Davon Reed,Vlatko Cancar,Austin Rivers,Petr Cornelie,Darius Bazley,Shai Gilgeous-Alexander,Luguentz Dort,Jeremiah Robinson-Earl,Josh Giddey,4,94,108,0:00:27,0:11:33,0:00:00,464,OKC,shot,,,,,,,,,,Darius Bazley,2,,,made,,dunk,0,0,0,25.0,89.0,Bazley Tip Dunk Shot (17 PTS)
22100474,2021-22 Regular Season,2021-12-22,Facundo Campazzo,Davon Reed,Vlatko Cancar,Austin Rivers,Petr Cornelie,Darius Bazley,Shai Gilgeous-Alexander,Luguentz Dort,Jeremiah Robinson-Earl,Josh Giddey,4,94,108,0:00:22,0:11:38,0:00:05,465,DEN,shot,,,,,,,,,,Petr Cornelie,0,,,missed,,dunk,2,20,3,23.0,5.3,MISS Cornelie 2' Alley Oop Dunk
22100474,2021-22 Regular Season,2021-12-22,Facundo Campazzo,Davon Reed,Vlatko Cancar,Austin Rivers,Petr Cornelie,Darius Bazley,Shai Gilgeous-Alexander,Luguentz Dort,Jeremiah Robinson-Earl,Josh Giddey,4,94,108,0:00:19,0:11:41,0:00:03,466,OKC,rebound,,,,,,,,,,Shai Gilgeous-Alexander,,,,,,rebound defensive,,,,,,Gilgeous-Alexander REBOUND (Off:1 Def:10)
22100474,2021-22 Regular Season,2021-12-22,Facundo Campazzo,Davon Reed,Vlatko Cancar,Austin Rivers,Petr Cornelie,Darius Bazley,Shai Gilgeous-Alexander,Luguentz Dort,Jeremiah Robinson-Earl,Josh Giddey,4,94,108,0:00:00,0:12:00,0:00:19,467,,end of period,,,,,,,,,,,,,,,,end of period,,,,,,
