game_id,data_set,date,a1,a2,a3,a4,a5,h1,h2,h3,h4,h5,period,away_score,home_score,remaining_time,elapsed,play_length,play_id,team,event_type,assist,away,home,block,entered,left,num,opponent,outof,player,points,possession,reason,result,steal,type,shot_distance,original_x,original_y,converted_x,converted_y,description
22100276,2021-22 Regular Season,2021-11-24,Rudy Gobert,Royce O'Neale,Mike Conley,Donovan Mitchell,Bojan Bogdanovic,Jeremiah Robinson-Earl,Luguentz Dort,Darius Bazley,Josh Giddey,Aaron Wiggins,1,0,0,0:12:00,0:00:00,0:00:00,1,,start of period,,,,,,,,,,,,,,,,start of period,,,,,,
22100276,2021-22 Regular Season,2021-11-24,Rudy Gobert,Royce O'Neale,Mike Conley,Donovan Mitchell,Bojan Bogdanovic,Jeremiah Robinson-Earl,Luguentz Dort,Darius Bazley,Josh Giddey,Aaron Wiggins,1,0,0,0:12:00,0:00:00,0:00:00,2,OKC,jump ball,,Rudy Gobert,Jeremiah Robinson-Earl,,,,,,,Rudy Gobert,,Royce O'Neale,,,,jump ball,,,,,,Jump Ball Robinson-Earl vs. Gobert: Tip to O'Neale
22100276,2021-22 Regular Season,2021-11-24,Rudy Gobert,Royce O'Neale,Mike Conley,Donovan Mitchell,Bojan Bogdanovic,Jeremiah Robinson-Earl,Luguentz Dort,Darius Bazley,Josh Giddey,Aaron Wiggins,1,3,0,0:11:39,0:00:21,0:00:21,3,UTA,shot,Donovan Mitchell,,,,,,,,,Mike Conley,3,,,made,,3pt step back jump shot,23,-228,48,47.8,9.8,Conley 3PT Step Back Jump Shot (3 PTS) (Mitchell 1 AST)
22100276,2021-22 Regular Season,2021-11-24,Rudy Gobert,Royce O'Neale,Mike Conley,Donovan Mitchell,Bojan Bogdanovic,Jeremiah Robinson-Earl,Luguentz Dort,Darius Bazley,Josh Giddey,Aaron Wiggins,1,3,0,0:11:19,0:00:41,0:00:20,4,OKC,shot,,,,,,,,,,Luguentz Dort,0,,,missed,,3pt jump shot,26,-186,183,6.399999999999999,70.7,MISS Dort 26' 3PT Jump Shot
22100276,2021-22 Regular Season,2021-11-24,Rudy Gobert,Royce O'Neale,Mike Conley,Donovan Mitchell,Bojan Bogdanovic,Jeremiah Robinson-Earl,Luguentz Dort,Darius Bazley,Josh Giddey,Aaron Wiggins,1,3,0,0:11:17,0:00:43,0:00:02,5,UTA,rebound,,,,,,,,,,Rudy Gobert,,,,,,rebound defensive,,,,,,Gobert REBOUND (Off:0 Def:1)
22100276,2021-22 Regular Season,2021-11-24,Rudy Gobert,Royce O'Neale,Mike Conley,Donovan Mitchell,Bojan Bogdanovic,Jeremiah Robinson-Earl,Luguentz Dort,Darius Bazley,Josh Giddey,Aaron Wiggins,1,3,0,0:11:06,0:00:54,0:00:11,6,UTA,shot,,,,,,,,,,Royce O'Neale,0,,,missed,,3pt jump shot,25,230,104,2.0,15.4,MISS O'Neale 25' 3PT Jump Shot
22100276,2021-22 Regular Season,2021-11-24,Rudy Gobert,Royce O'Neale,Mike Conley,Donovan Mitchell,Bojan Bogdanovic,Jeremiah Robinson-Earl,Luguentz Dort,Darius Bazley,Josh Giddey,Aaron Wiggins,1,3,0,0:11:03,0:00:57,0:00:03,7,OKC,rebound,,,,,,,,,,Darius Bazley,,,,,,rebound defensive,,,,,,Bazley REBOUND (Off:0 Def:1)
22100276,2021-22 Regular Season,2021-11-24,Rudy Gobert,Royce O'Neale,Mike Conley,Donovan Mitchell,Bojan Bogdanovic,Jeremiah Robinson-Earl,Luguentz Dort,Darius Bazley,Josh Giddey,Aaron Wiggins,1,3,2,0:10:51,0:01:09,0:00:12,8,OKC,shot,,,,,,,,,,Josh Giddey,2,,,made,,driving layup,5,-23,46,22.7,84.4,Giddey 5' Driving Layup (2 PTS)
22100276,2021-22 Regular Season,2021-11-24,Rudy Gobert,Royce O'Neale,Mike Conley,Donovan Mitchell,Bojan Bogdanovic,Jeremiah Robinson-Earl,Luguentz Dort,Darius Bazley,Josh Giddey,Aaron Wiggins,1,5,2,0:10:28,0:01:32,0:00:23,9,UTA,shot,,,,,,,,,,Donovan Mitchell,2,,,made,,layup,2,21,-12,22.9,3.8,Mitchell 2' Driving Finger Roll Layup (2 PTS)
22100276,2021-22 Regular Season,2021-11-24,Rudy Gobert,Royce O'Neale,Mike Conley,Donovan Mitchell,Bojan Bogdanovic,Jeremiah Robinson-Earl,Luguentz Dort,Darius Bazley,Josh Giddey,Aaron Wiggins,1,5,2,0:10:08,0:01:52,0:00:20,10,OKC,shot,,,,,,,,,,Luguentz Dort,0,,,missed,,jump shot,9,48,73,29.8,81.7,MISS Dort 9' Pullup Jump Shot
22100276,2021-22 Regular Season,2021-11-24,Rudy Gobert,Royce O'Neale,Mike Conley,Donovan Mitchell,Bojan Bogdanovic,Jeremiah Robinson-Earl,Luguentz Dort,Darius Bazley,Josh Giddey,Aaron Wiggins,1,5,2,0:10:05,0:01:55,0:00:03,11,UTA,rebound,,,,,,,,,,Royce O'Neale,,,,,,rebound defensive,,,,,,O'Neale REBOUND (Off:0 Def:1)
22100276,2021-22 Regular Season,2021-11-24,Rudy Gobert,Royce O'Neale,Mike Conley,Donovan Mitchell,Bojan Bogdanovic,Jeremiah Robinson-Earl,Luguentz Dort,Darius Bazley,Josh Giddey,Aaron Wiggins,1,5,2,0:10:02,0:01:58,0:00:03,12,UTA,shot,,,,,,,,,,Bojan Bogdanovic,0,,,missed,,3pt jump shot,22,-224,-16,47.400000000000006,3.4,MISS Bogdanovic 3PT Jump Shot
22100276,2021-22 Regular Season,2021-11-24,Rudy Gobert,Royce O'Neale,Mike Conley,Donovan Mitchell,Bojan Bogdanovic,Jeremiah Robinson-Earl,Luguentz Dort,Darius Bazley,Josh Giddey,Aaron Wiggins,1,5,2,0:09:59,0:02:01,0:00:03,13,OKC,rebound,,,,,,,,,,Luguentz Dort,,,,,,rebound defensive,,,,,,Dort REBOUND (Off:0 Def:1)
22100276,2021-22 Regular Season,2021-11-24,Rudy Gobert,Royce O'Neale,Mike Conley,Donovan Mitchell,Bojan Bogdanovic,Jeremiah Robinson-Earl,Luguentz Dort,Darius Bazley,Josh Giddey,Aaron Wiggins,1,5,2,0:09:44,0:02:16,0:00:15,14,OKC,shot,,,,,,,,,,Josh Giddey,0,,,missed,,fadeaway jumper,10,-54,81,19.6,80.9,MISS Giddey 10' Fadeaway Jumper
22100276,2021-22 Regular Season,2021-11-24,Rudy Gobert,Royce O'Neale,Mike Conley,Donovan Mitchell,Bojan Bogdanovic,Jeremiah Robinson-Earl,Luguentz Dort,Darius Bazley,Josh Giddey,Aaron Wiggins,1,5,2,0:09:41,0:02:19,0:00:03,15,UTA,rebound,,,,,,,,,,Rudy Gobert,,,,,,rebound defensive,,,,,,Gobert REBOUND (Off:0 Def:2)
22100276,2021-22 Regular Season,2021-11-24,Rudy Gobert,Royce O'Neale,Mike Conley,Donovan Mitchell,Bojan Bogdanovic,Jeremiah Robinson-Earl,Luguentz Dort,Darius Bazley,Josh Giddey,Aaron Wiggins,1,7,2,0:09:37,0:02:23,0:00:04,16,UTA,shot,Mike Conley,,,,,,,,,Bojan Bogdanovic,2,,,made,,driving layup,1,-7,-4,25.7,4.6,Bogdanovic 1' Driving Layup (2 PTS) (Conley 1 AST)
22100276,2021-22 Regular Season,2021-11-24,Rudy Gobert,Royce O'Neale,Mike Conley,Donovan Mitchell,Bojan Bogdanovic,Jeremiah Robinson-Earl,Luguentz Dort,Darius Bazley,Josh Giddey,Aaron Wiggins,1,7,2,0:09:22,0:02:38,0:00:15,17,OKC,shot,,,,Rudy Gobert,,,,,,Josh Giddey,0,,,missed,,driving layup,3,-29,-3,22.1,89.3,MISS Giddey 3' Driving Layup: Gobert BLOCK (1 BLK)
22100276,2021-22 Regular Season,2021-11-24,Rudy Gobert,Royce O'Neale,Mike Conley,Donovan Mitchell,Bojan Bogdanovic,Jeremiah Robinson-Earl,Luguentz Dort,Darius Bazley,Josh Giddey,Aaron Wiggins,1,7,2,0:09:20,0:02:40,0:00:02,18,UTA,rebound,,,,,,,,,,Royce O'Neale,,,,,,rebound defensive,,,,,,O'Neale REBOUND (Off:0 Def:2)
22100276,2021-22 Regular Season,2021-11-24,Rudy Gobert,Royce O'Neale,Mike Conley,Donovan Mitchell,Bojan Bogdanovic,Jeremiah Robinson-Earl,Luguentz Dort,Darius Bazley,Josh Giddey,Aaron Wiggins,1,10,2,0:09:15,0:02:45,0:00:05,19,UTA,shot,,,,,,,,,,Mike Conley,3,,,made,,3pt pullup jump shot,26,93,237,15.7,28.700000000000003,Conley 25' 3PT Pullup Jump Shot (6 PTS)
22100276,2021-22 Regular Season,2021-11-24,Rudy Gobert,Royce O'Neale,Mike Conley,Donovan Mitchell,Bojan Bogdanovic,Jeremiah Robinson-Earl,Luguentz Dort,Darius Bazley,Josh Giddey,Aaron Wiggins,1,10,2,0:09:00,0:03:00,0:00:15,20,OKC,turnover,,,,,,,,,,Luguentz Dort,,,bad pass,,Royce O'Neale,bad pass,,,,,,Dort Bad Pass Turnover (P1.T1): O'Neale STEAL (1 STL)
22100276,2021-22 Regular Season,2021-11-24,Rudy Gobert,Royce O'Neale,Mike Conley,Donovan Mitchell,Bojan Bogdanovic,Jeremiah Robinson-Earl,Luguentz Dort,Darius Bazley,Josh Giddey,Aaron Wiggins,1,10,2,0:08:56,0:03:04,0:00:04,21,UTA,shot,,,,,,,,,,Royce O'Neale,0,,,missed,,layup,2,-23,0,27.3,5.0,MISS O'Neale 2' Running Layup
22100276,2021-22 Regular Season,2021-11-24,Rudy Gobert,Royce O'Neale,Mike Conley,Donovan Mitchell,Bojan Bogdanovic,Jeremiah Robinson-Earl,Luguentz Dort,Darius Bazley,Josh Giddey,Aaron Wiggins,1,10,2,0:08:54,0:03:06,0:00:02,22,OKC,rebound,,,,,,,,,,Darius Bazley,,,,,,rebound defensive,,,,,,Bazley REBOUND (Off:0 Def:2)
22100276,2021-22 Regular Season,2021-11-24,Rudy Gobert,Royce O'Neale,Mike Conley,Donovan Mitchell,Bojan Bogdanovic,Jeremiah Robinson-Earl,Luguentz Dort,Darius Bazley,Josh Giddey,Aaron Wiggins,1,10,2,0:08:50,0:03:10,0:00:04,23,OKC,shot,,,,Rudy Gobert,,,,,,Josh Giddey,0,,,missed,,cutting layup shot,3,-11,32,23.9,85.8,MISS Giddey 3' Cutting Layup Shot: Gobert BLOCK (2 BLK)
22100276,2021-22 Regular Season,2021-11-24,Rudy Gobert,Royce O'Neale,Mike Conley,Donovan Mitchell,Bojan Bogdanovic,Jeremiah Robinson-Earl,Luguentz Dort,Darius Bazley,Josh Giddey,Aaron Wiggins,1,10,2,0:08:50,0:03:10,0:00:00,24,UTA,rebound,,,,,,,,,,,,,,,,rebound defensive,,,,,,Jazz Rebound
22100276,2021-22 Regular Season,2021-11-24,Rudy Gobert,Royce O'Neale,Mike Conley,Donovan Mitchell,Bojan Bogdanovic,Jeremiah Robinson-Earl,Luguentz Dort,Darius Bazley,Josh Giddey,Aaron Wiggins,1,10,2,0:08:39,0:03:21,0:00:11,25,UTA,shot,,,,,,,,,,Royce O'Neale,0,,,missed,,3pt jump shot,28,163,221,8.7,27.1,MISS O'Neale 27' 3PT Jump Shot
22100276,2021-22 Regular Season,2021-11-24,Rudy Gobert,Royce O'Neale,Mike Conley,Donovan Mitchell,Bojan Bogdanovic,Jeremiah Robinson-Earl,Luguentz Dort,Darius Bazley,Josh Giddey,Aaron Wiggins,1,10,2,0:08:36,0:03:24,0:00:03,26,UTA,rebound,,,,,,,,,,Mike Conley,,,,,,rebound offensive,,,,,,Conley REBOUND (Off:1 Def:0)
22100276,2021-22 Regular Season,2021-11-24,Rudy Gobert,Royce O'Neale,Mike Conley,Donovan Mitchell,Bojan Bogdanovic,Jeremiah Robinson-Earl,Luguentz Dort,Darius Bazley,Josh Giddey,Aaron Wiggins,1,10,2,0:08:29,0:03:31,0:00:07,27,UTA,shot,,,,,,,,,,Bojan Bogdanovic,0,,,missed,,3pt jump shot,23,225,53,2.5,10.3,MISS Bogdanovic 3PT Jump Shot
22100276,2021-22 Regular Season,2021-11-24,Rudy Gobert,Royce O'Neale,Mike Conley,Donovan Mitchell,Bojan Bogdanovic,Jeremiah Robinson-Earl,Luguentz Dort,Darius Bazley,Josh Giddey,Aaron Wiggins,1,10,2,0:08:28,0:03:32,0:00:01,28,UTA,rebound,,,,,,,,,,,,,,,,rebound offensive,,,,,,Jazz Rebound
22100276,2021-22 Regular Season,2021-11-24,Rudy Gobert,Royce O'Neale,Mike Conley,Donovan Mitchell,Bojan Bogdanovic,Jeremiah Robinson-Earl,Luguentz Dort,Darius Bazley,Josh Giddey,Aaron Wiggins,1,10,2,0:08:12,0:03:48,0:00:16,29,UTA,shot,,,,,,,,,,Donovan Mitchell,0,,,missed,,3pt jump shot,24,232,40,1.7999999999999972,9.0,MISS Mitchell 24' 3PT Jump Shot
22100276,2021-22 Regular Season,2021-11-24,Rudy Gobert,Royce O'Neale,Mike Conley,Donovan Mitchell,Bojan Bogdanovic,Jeremiah Robinson-Earl,Luguentz Dort,Darius Bazley,Josh Giddey,Aaron Wiggins,1,10,2,0:08:10,0:03:50,0:00:02,30,OKC,rebound,,,,,,,,,,Jeremiah Robinson-Earl,,,,,,rebound defensive,,,,,,Robinson-Earl REBOUND (Off:0 Def:1)
22100276,2021-22 Regular Season,2021-11-24,Rudy Gobert,Royce O'Neale,Mike Conley,Donovan Mitchell,Bojan Bogdanovic,Jeremiah Robinson-Earl,Luguentz Dort,Darius Bazley,Josh Giddey,Aaron Wiggins,1,10,5,0:08:02,0:03:58,0:00:08,31,OKC,shot,Josh Giddey,,,,,,,,,Luguentz Dort,3,,,made,,3pt jump shot,28,-195,196,5.5,69.4,Dort 28' 3PT Jump Shot (3 PTS) (Giddey 1 AST)
22100276,2021-22 Regular Season,2021-11-24,Rudy Gobert,Royce O'Neale,Mike Conley,Donovan Mitchell,Bojan Bogdanovic,Jeremiah Robinson-Earl,Luguentz Dort,Darius Bazley,Josh Giddey,Aaron Wiggins,1,12,5,0:07:40,0:04:20,0:00:22,32,UTA,shot,Donovan Mitchell,,,,,,,,,Bojan Bogdanovic,2,,,made,,jump shot,15,-80,130,33.0,18.0,Bogdanovic 15' Pullup Jump Shot (4 PTS) (Mitchell 2 AST)
22100276,2021-22 Regular Season,2021-11-24,Rudy Gobert,Royce O'Neale,Mike Conley,Donovan Mitchell,Bojan Bogdanovic,Jeremiah Robinson-Earl,Luguentz Dort,Darius Bazley,Josh Giddey,Aaron Wiggins,1,12,5,0:07:24,0:04:36,0:00:16,33,OKC,shot,,,,,,,,,,Darius Bazley,0,,,missed,,3pt jump shot,24,235,13,48.5,87.7,MISS Bazley 24' 3PT Jump Shot
22100276,2021-22 Regular Season,2021-11-24,Rudy Gobert,Royce O'Neale,Mike Conley,Donovan Mitchell,Bojan Bogdanovic,Jeremiah Robinson-Earl,Luguentz Dort,Darius Bazley,Josh Giddey,Aaron Wiggins,1,12,5,0:07:22,0:04:38,0:00:02,34,OKC,rebound,,,,,,,,,,Darius Bazley,,,,,,rebound offensive,,,,,,Bazley REBOUND (Off:1 Def:2)
22100276,2021-22 Regular Season,2021-11-24,Rudy Gobert,Royce O'Neale,Mike Conley,Donovan Mitchell,Bojan Bogdanovic,Jeremiah Robinson-Earl,Luguentz Dort,Darius Bazley,Josh Giddey,Aaron Wiggins,1,12,8,0:07:19,0:04:41,0:00:03,35,OKC,shot,Josh Giddey,,,,,,,,,Luguentz Dort,3,,,made,,3pt jump shot,23,-233,-3,1.6999999999999993,89.3,Dort 3PT Jump Shot (6 PTS) (Giddey 2 AST)
22100276,2021-22 Regular Season,2021-11-24,Rudy Gobert,Royce O'Neale,Mike Conley,Donovan Mitchell,Bojan Bogdanovic,Jeremiah Robinson-Earl,Luguentz Dort,Darius Bazley,Josh Giddey,Aaron Wiggins,1,12,8,0:07:00,0:05:00,0:00:19,36,UTA,shot,,,,,,,,,,Mike Conley,0,,,missed,,3pt pullup jump shot,25,230,103,2.0,15.3,MISS Conley 25' 3PT Pullup Jump Shot
22100276,2021-22 Regular Season,2021-11-24,Rudy Gobert,Royce O'Neale,Mike Conley,Donovan Mitchell,Bojan Bogdanovic,Jeremiah Robinson-Earl,Luguentz Dort,Darius Bazley,Josh Giddey,Aaron Wiggins,1,12,8,0:06:58,0:05:02,0:00:02,37,OKC,rebound,,,,,,,,,,Josh Giddey,,,,,,rebound defensive,,,,,,Giddey REBOUND (Off:0 Def:1)
22100276,2021-22 Regular Season,2021-11-24,Rudy Gobert,Royce O'Neale,Mike Conley,Donovan Mitchell,Bojan Bogdanovic,Jeremiah Robinson-Earl,Luguentz Dort,Darius Bazley,Josh Giddey,Aaron Wiggins,1,12,8,0:06:51,0:05:09,0:00:07,38,OKC,shot,,,,,,,,,,Jeremiah Robinson-Earl,0,,,missed,,jump shot,14,21,141,27.1,74.9,MISS Robinson-Earl 14' Jump Shot
22100276,2021-22 Regular Season,2021-11-24,Rudy Gobert,Royce O'Neale,Mike Conley,Donovan Mitchell,Bojan Bogdanovic,Jeremiah Robinson-Earl,Luguentz Dort,Darius Bazley,Josh Giddey,Aaron Wiggins,1,12,8,0:06:47,0:05:13,0:00:04,39,UTA,rebound,,,,,,,,,,Rudy Gobert,,,,,,rebound defensive,,,,,,Gobert REBOUND (Off:0 Def:3)
22100276,2021-22 Regular Season,2021-11-24,Rudy Gobert,Royce O'Neale,Mike Conley,Donovan Mitchell,Bojan Bogdanovic,Jeremiah Robinson-Earl,Luguentz Dort,Darius Bazley,Josh Giddey,Aaron Wiggins,1,12,8,0:06:35,0:05:25,0:00:12,40,UTA,shot,,,,,,,,,,Donovan Mitchell,0,,,missed,,3pt pullup jump shot,24,173,168,7.699999999999999,21.8,MISS Mitchell 24' 3PT Pullup Jump Shot
22100276,2021-22 Regular Season,2021-11-24,Rudy Gobert,Royce O'Neale,Mike Conley,Donovan Mitchell,Bojan Bogdanovic,Jeremiah Robinson-Earl,Luguentz Dort,Darius Bazley,Josh Giddey,Aaron Wiggins,1,12,8,0:06:32,0:05:28,0:00:03,41,OKC,rebound,,,,,,,,,,Josh Giddey,,,,,,rebound defensive,,,,,,Giddey REBOUND (Off:0 Def:2)
22100276,2021-22 Regular Season,2021-11-24,Rudy Gobert,Royce O'Neale,Mike Conley,Donovan Mitchell,Bojan Bogdanovic,Jeremiah Robinson-Earl,Luguentz Dort,Darius Bazley,Josh Giddey,Aaron Wiggins,1,12,11,0:06:24,0:05:36,0:00:08,42,OKC,shot,Jeremiah Robinson-Earl,,,,,,,,,Darius Bazley,3,,,made,,3pt jump shot,26,-170,194,8.0,69.6,Bazley 26' 3PT Jump Shot (3 PTS) (Robinson-Earl 1 AST)
22100276,2021-22 Regular Season,2021-11-24,Rudy Gobert,Royce O'Neale,Mike Conley,Donovan Mitchell,Bojan Bogdanovic,Jeremiah Robinson-Earl,Luguentz Dort,Darius Bazley,Josh Giddey,Aaron Wiggins,1,12,11,0:06:20,0:05:40,0:00:04,43,UTA,timeout,,,,,,,,,,,,,,,,timeout: regular,,,,,,Jazz Timeout: Regular (Reg.1 Short 0)
22100276,2021-22 Regular Season,2021-11-24,Joe Ingles,Royce O'Neale,Mike Conley,Donovan Mitchell,Bojan Bogdanovic,Jeremiah Robinson-Earl,Luguentz Dort,Darius Bazley,Josh Giddey,Aaron Wiggins,1,12,11,0:06:20,0:05:40,0:00:00,44,UTA,substitution,,,,,Joe Ingles,Rudy Gobert,,,,Rudy Gobert,,,,,,sub,,,,,,SUB: Ingles FOR Gobert
22100276,2021-22 Regular Season,2021-11-24,Joe Ingles,Royce O'Neale,Hassan Whiteside,Donovan Mitchell,Bojan Bogdanovic,Jeremiah Robinson-Earl,Luguentz Dort,Darius Bazley,Josh Giddey,Aaron Wiggins,1,12,11,0:06:20,0:05:40,0:00:00,45,UTA,substitution,,,,,Hassan Whiteside,Mike Conley,,,,Mike Conley,,,,,,sub,,,,,,SUB: Whiteside FOR Conley
22100276,2021-22 Regular Season,2021-11-24,Joe Ingles,Royce O'Neale,Hassan Whiteside,Donovan Mitchell,Bojan Bogdanovic,Jeremiah Robinson-Earl,Luguentz Dort,Darius Bazley,Josh Giddey,Aaron Wiggins,1,12,11,0:06:07,0:05:53,0:00:13,46,UTA,shot,,,,,,,,,,Joe Ingles,0,,,missed,,3pt pullup jump shot,26,129,230,12.1,28.0,MISS Ingles 26' 3PT Pullup Jump Shot
22100276,2021-22 Regular Season,2021-11-24,Joe Ingles,Royce O'Neale,Hassan Whiteside,Donovan Mitchell,Bojan Bogdanovic,Jeremiah Robinson-Earl,Luguentz Dort,Darius Bazley,Josh Giddey,Aaron Wiggins,1,12,11,0:06:05,0:05:55,0:00:02,47,OKC,rebound,,,,,,,,,,Darius Bazley,,,,,,rebound defensive,,,,,,Bazley REBOUND (Off:1 Def:3)
22100276,2021-22 Regular Season,2021-11-24,Joe Ingles,Royce O'Neale,Hassan Whiteside,Donovan Mitchell,Bojan Bogdanovic,Jeremiah Robinson-Earl,Luguentz Dort,Darius Bazley,Josh Giddey,Aaron Wiggins,1,12,13,0:05:59,0:06:01,0:00:06,48,OKC,shot,,,,,,,,,,Josh Giddey,2,,,made,,jump shot,8,-72,28,17.8,86.2,Giddey 8' Turnaround Jump Shot (4 PTS)
22100276,2021-22 Regular Season,2021-11-24,Joe Ingles,Royce O'Neale,Hassan Whiteside,Donovan Mitchell,Bojan Bogdanovic,Jeremiah Robinson-Earl,Luguentz Dort,Darius Bazley,Josh Giddey,Aaron Wiggins,1,12,13,0:05:33,0:06:27,0:00:26,49,UTA,shot,,,,,,,,,,Donovan Mitchell,0,,,missed,,3pt jump shot,27,-148,224,39.8,27.400000000000002,MISS Mitchell 27' 3PT Jump Shot
22100276,2021-22 Regular Season,2021-11-24,Joe Ingles,Royce O'Neale,Hassan Whiteside,Donovan Mitchell,Bojan Bogdanovic,Jeremiah Robinson-Earl,Luguentz Dort,Darius Bazley,Josh Giddey,Aaron Wiggins,1,12,13,0:05:30,0:06:30,0:00:03,50,UTA,rebound,,,,,,,,,,Joe Ingles,,,,,,rebound offensive,,,,,,Ingles REBOUND (Off:1 Def:0)
22100276,2021-22 Regular Season,2021-11-24,Joe Ingles,Royce O'Neale,Hassan Whiteside,Donovan Mitchell,Bojan Bogdanovic,Jeremiah Robinson-Earl,Luguentz Dort,Darius Bazley,Josh Giddey,Aaron Wiggins,1,12,13,0:05:24,0:06:36,0:00:06,51,UTA,shot,,,,,,,,,,Bojan Bogdanovic,0,,,missed,,jump shot,9,82,41,16.799999999999997,9.100000000000001,MISS Bogdanovic 9' Turnaround Fadeaway Bank Jump Shot
22100276,2021-22 Regular Season,2021-11-24,Joe Ingles,Royce O'Neale,Hassan Whiteside,Donovan Mitchell,Bojan Bogdanovic,Jeremiah Robinson-Earl,Luguentz Dort,Darius Bazley,Josh Giddey,Aaron Wiggins,1,12,13,0:05:20,0:06:40,0:00:04,52,OKC,rebound,,,,,,,,,,Jeremiah Robinson-Earl,,,,,,rebound defensive,,,,,,Robinson-Earl REBOUND (Off:0 Def:2)
22100276,2021-22 Regular Season,2021-11-24,Joe Ingles,Royce O'Neale,Hassan Whiteside,Donovan Mitchell,Bojan Bogdanovic,Jeremiah Robinson-Earl,Luguentz Dort,Darius Bazley,Josh Giddey,Aaron Wiggins,1,12,13,0:05:15,0:06:45,0:00:05,53,UTA,foul,,,,,,,,Luguentz Dort,,Hassan Whiteside,,,s.foul,,,shooting,,,,,,Whiteside S.FOUL (P1.T1) (M.Davis)
22100276,2021-22 Regular Season,2021-11-24,Joe Ingles,Royce O'Neale,Hassan Whiteside,Donovan Mitchell,Bojan Bogdanovic,Jeremiah Robinson-Earl,Luguentz Dort,Darius Bazley,Josh Giddey,Aaron Wiggins,1,12,13,0:05:15,0:06:45,0:00:00,54,OKC,free throw,,,,,,,1,,2,Luguentz Dort,0,,,missed,,free throw 1/2,,,,,,MISS Dort Free Throw 1 of 2
22100276,2021-22 Regular Season,2021-11-24,Joe Ingles,Royce O'Neale,Hassan Whiteside,Donovan Mitchell,Bojan Bogdanovic,Jeremiah Robinson-Earl,Luguentz Dort,Darius Bazley,Josh Giddey,Aaron Wiggins,1,12,13,0:05:15,0:06:45,0:00:00,55,OKC,rebound,,,,,,,,,,,,,,,,team rebound,,,,,,THUNDER Rebound
22100276,2021-22 Regular Season,2021-11-24,Joe Ingles,Royce O'Neale,Hassan Whiteside,Donovan Mitchell,Bojan Bogdanovic,Jeremiah Robinson-Earl,Luguentz Dort,Darius Bazley,Josh Giddey,Aaron Wiggins,1,12,14,0:05:15,0:06:45,0:00:00,56,OKC,free throw,,,,,,,2,,2,Luguentz Dort,1,,,made,,free throw 2/2,,,,,,Dort Free Throw 2 of 2 (7 PTS)
22100276,2021-22 Regular Season,2021-11-24,Joe Ingles,Royce O'Neale,Hassan Whiteside,Donovan Mitchell,Bojan Bogdanovic,Jeremiah Robinson-Earl,Luguentz Dort,Darius Bazley,Josh Giddey,Aaron Wiggins,1,12,14,0:05:03,0:06:57,0:00:12,57,UTA,shot,,,,Darius Bazley,,,,,,Donovan Mitchell,0,,,missed,,jump shot,10,65,78,18.5,12.8,Bazley BLOCK (1 BLK): MISS Mitchell 10' Turnaround Jump Shot
22100276,2021-22 Regular Season,2021-11-24,Joe Ingles,Royce O'Neale,Hassan Whiteside,Donovan Mitchell,Bojan Bogdanovic,Jeremiah Robinson-Earl,Luguentz Dort,Darius Bazley,Josh Giddey,Aaron Wiggins,1,12,14,0:05:00,0:07:00,0:00:03,58,OKC,rebound,,,,,,,,,,Jeremiah Robinson-Earl,,,,,,rebound defensive,,,,,,Robinson-Earl REBOUND (Off:0 Def:3)
22100276,2021-22 Regular Season,2021-11-24,Joe Ingles,Royce O'Neale,Hassan Whiteside,Donovan Mitchell,Bojan Bogdanovic,Jeremiah Robinson-Earl,Luguentz Dort,Darius Bazley,Josh Giddey,Aaron Wiggins,1,12,14,0:04:58,0:07:02,0:00:02,59,OKC,turnover,,,,,,,,,,Jeremiah Robinson-Earl,,,bad pass,,Royce O'Neale,bad pass,,,,,,Robinson-Earl Bad Pass Turnover (P1.T2): O'Neale STEAL (2 STL)
22100276,2021-22 Regular Season,2021-11-24,Joe Ingles,Royce O'Neale,Hassan Whiteside,Donovan Mitchell,Bojan Bogdanovic,Jeremiah Robinson-Earl,Luguentz Dort,Darius Bazley,Josh Giddey,Aaron Wiggins,1,12,14,0:04:52,0:07:08,0:00:06,60,OKC,foul,,,,,,,,Bojan Bogdanovic,,Aaron Wiggins,,,p.foul,,,personal,,,,,,Wiggins P.FOUL (P1.T1) (M.Davis)
22100276,2021-22 Regular Season,2021-11-24,Joe Ingles,Royce O'Neale,Hassan Whiteside,Donovan Mitchell,Bojan Bogdanovic,Jeremiah Robinson-Earl,Luguentz Dort,Darius Bazley,Josh Giddey,Aaron Wiggins,1,12,14,0:04:45,0:07:15,0:00:07,61,UTA,shot,,,,,,,,,,Joe Ingles,0,,,missed,,3pt jump shot,25,234,75,1.5999999999999979,12.5,MISS Ingles 25' 3PT Jump Shot
22100276,2021-22 Regular Season,2021-11-24,Joe Ingles,Royce O'Neale,Hassan Whiteside,Donovan Mitchell,Bojan Bogdanovic,Jeremiah Robinson-Earl,Luguentz Dort,Darius Bazley,Josh Giddey,Aaron Wiggins,1,12,14,0:04:42,0:07:18,0:00:03,62,OKC,rebound,,,,,,,,,,Darius Bazley,,,,,,rebound defensive,,,,,,Bazley REBOUND (Off:1 Def:4)
22100276,2021-22 Regular Season,2021-11-24,Joe Ingles,Royce O'Neale,Hassan Whiteside,Donovan Mitchell,Bojan Bogdanovic,Jeremiah Robinson-Earl,Luguentz Dort,Darius Bazley,Josh Giddey,Aaron Wiggins,1,12,14,0:04:33,0:07:27,0:00:09,63,OKC,turnover,,,,,,,,,,Josh Giddey,,,bad pass,,Royce O'Neale,bad pass,,,,,,Giddey Bad Pass Turnover (P1.T3): O'Neale STEAL (3 STL)
22100276,2021-22 Regular Season,2021-11-24,Joe Ingles,Royce O'Neale,Hassan Whiteside,Donovan Mitchell,Bojan Bogdanovic,Jeremiah Robinson-Earl,Luguentz Dort,Darius Bazley,Josh Giddey,Aaron Wiggins,1,12,14,0:04:25,0:07:35,0:00:08,64,UTA,shot,,,,,,,,,,Royce O'Neale,0,,,missed,,driving layup,2,15,-10,23.5,4.0,MISS O'Neale 2' Driving Layup
22100276,2021-22 Regular Season,2021-11-24,Joe Ingles,Royce O'Neale,Hassan Whiteside,Donovan Mitchell,Bojan Bogdanovic,Jeremiah Robinson-Earl,Luguentz Dort,Darius Bazley,Josh Giddey,Aaron Wiggins,1,12,14,0:04:22,0:07:38,0:00:03,65,OKC,rebound,,,,,,,,,,Josh Giddey,,,,,,rebound defensive,,,,,,Giddey REBOUND (Off:0 Def:3)
22100276,2021-22 Regular Season,2021-11-24,Joe Ingles,Royce O'Neale,Hassan Whiteside,Donovan Mitchell,Bojan Bogdanovic,Jeremiah Robinson-Earl,Luguentz Dort,Darius Bazley,Josh Giddey,Aaron Wiggins,1,12,16,0:04:17,0:07:43,0:00:05,66,OKC,shot,Josh Giddey,,,,,,,,,Jeremiah Robinson-Earl,2,,,made,,cutting layup shot,1,-5,6,24.5,88.4,Robinson-Earl 1' Cutting Layup Shot (2 PTS) (Giddey 3 AST)
22100276,2021-22 Regular Season,2021-11-24,Joe Ingles,Royce O'Neale,Hassan Whiteside,Donovan Mitchell,Bojan Bogdanovic,Jeremiah Robinson-Earl,Luguentz Dort,Darius Bazley,Josh Giddey,Aaron Wiggins,1,12,16,0:03:59,0:08:01,0:00:18,67,UTA,shot,,,,,,,,,,Joe Ingles,0,,,missed,,3pt jump shot,24,232,69,1.7999999999999972,11.9,MISS Ingles 24' 3PT Jump Shot
22100276,2021-22 Regular Season,2021-11-24,Joe Ingles,Royce O'Neale,Hassan Whiteside,Donovan Mitchell,Bojan Bogdanovic,Jeremiah Robinson-Earl,Luguentz Dort,Darius Bazley,Josh Giddey,Aaron Wiggins,1,12,16,0:03:59,0:08:01,0:00:00,68,OKC,rebound,,,,,,,,,,,,,,,,rebound defensive,,,,,,THUNDER Rebound
22100276,2021-22 Regular Season,2021-11-24,Joe Ingles,Royce O'Neale,Hassan Whiteside,Donovan Mitchell,Bojan Bogdanovic,Jeremiah Robinson-Earl,Luguentz Dort,Darius Bazley,Josh Giddey,Theo Maledon,1,12,16,0:03:59,0:08:01,0:00:00,69,OKC,substitution,,,,,Theo Maledon,Aaron Wiggins,,,,Aaron Wiggins,,,,,,sub,,,,,,SUB: Maledon FOR Wiggins
22100276,2021-22 Regular Season,2021-11-24,Joe Ingles,Jordan Clarkson,Hassan Whiteside,Donovan Mitchell,Bojan Bogdanovic,Jeremiah Robinson-Earl,Luguentz Dort,Darius Bazley,Josh Giddey,Theo Maledon,1,12,16,0:03:59,0:08:01,0:00:00,70,UTA,substitution,,,,,Jordan Clarkson,Royce O'Neale,,,,Royce O'Neale,,,,,,sub,,,,,,SUB: Clarkson FOR O'Neale
22100276,2021-22 Regular Season,2021-11-24,Joe Ingles,Jordan Clarkson,Hassan Whiteside,Donovan Mitchell,Rudy Gay,Jeremiah Robinson-Earl,Luguentz Dort,Darius Bazley,Josh Giddey,Theo Maledon,1,12,16,0:03:59,0:08:01,0:00:00,71,UTA,substitution,,,,,Rudy Gay,Bojan Bogdanovic,,,,Bojan Bogdanovic,,,,,,sub,,,,,,SUB: Gay FOR Bogdanovic
22100276,2021-22 Regular Season,2021-11-24,Joe Ingles,Jordan Clarkson,Hassan Whiteside,Donovan Mitchell,Rudy Gay,Jeremiah Robinson-Earl,Luguentz Dort,Darius Bazley,Josh Giddey,Theo Maledon,1,12,16,0:03:51,0:08:09,0:00:08,72,UTA,violation,,,,,,,,,,Joe Ingles,,,,,,kicked ball,,,,,,Ingles Violation:Kicked Ball (M.Kogut)
22100276,2021-22 Regular Season,2021-11-24,Joe Ingles,Jordan Clarkson,Hassan Whiteside,Donovan Mitchell,Rudy Gay,Jeremiah Robinson-Earl,Luguentz Dort,Darius Bazley,Josh Giddey,Theo Maledon,1,12,16,0:03:43,0:08:17,0:00:08,73,OKC,shot,,,,,,,,,,Luguentz Dort,0,,,missed,,3pt jump shot,27,53,269,30.3,62.099999999999994,MISS Dort 27' 3PT Jump Shot
22100276,2021-22 Regular Season,2021-11-24,Joe Ingles,Jordan Clarkson,Hassan Whiteside,Donovan Mitchell,Rudy Gay,Jeremiah Robinson-Earl,Luguentz Dort,Darius Bazley,Josh Giddey,Theo Maledon,1,12,16,0:03:39,0:08:21,0:00:04,74,UTA,rebound,,,,,,,,,,Rudy Gay,,,,,,rebound defensive,,,,,,Gay REBOUND (Off:0 Def:1)
22100276,2021-22 Regular Season,2021-11-24,Joe Ingles,Jordan Clarkson,Hassan Whiteside,Donovan Mitchell,Rudy Gay,Jeremiah Robinson-Earl,Luguentz Dort,Darius Bazley,Josh Giddey,Theo Maledon,1,12,16,0:03:27,0:08:33,0:00:12,75,UTA,shot,,,,Darius Bazley,,,,,,Hassan Whiteside,0,,,missed,,layup,6,56,30,19.4,8.0,Bazley BLOCK (2 BLK): MISS Whiteside 6' Layup
22100276,2021-22 Regular Season,2021-11-24,Joe Ingles,Jordan Clarkson,Hassan Whiteside,Donovan Mitchell,Rudy Gay,Jeremiah Robinson-Earl,Luguentz Dort,Darius Bazley,Josh Giddey,Theo Maledon,1,12,16,0:03:26,0:08:34,0:00:01,76,UTA,rebound,,,,,,,,,,Hassan Whiteside,,,,,,rebound offensive,,,,,,Whiteside REBOUND (Off:1 Def:0)
22100276,2021-22 Regular Season,2021-11-24,Joe Ingles,Jordan Clarkson,Hassan Whiteside,Donovan Mitchell,Rudy Gay,Jeremiah Robinson-Earl,Luguentz Dort,Darius Bazley,Josh Giddey,Theo Maledon,1,14,16,0:03:26,0:08:34,0:00:00,77,UTA,shot,,,,,,,,,,Hassan Whiteside,2,,,made,,layup,2,17,-5,23.3,4.5,Whiteside 2' Putback Layup (2 PTS)
22100276,2021-22 Regular Season,2021-11-24,Joe Ingles,Jordan Clarkson,Hassan Whiteside,Donovan Mitchell,Rudy Gay,Jeremiah Robinson-Earl,Luguentz Dort,Darius Bazley,Josh Giddey,Theo Maledon,1,14,16,0:03:26,0:08:34,0:00:00,78,OKC,timeout,,,,,,,,,,,,,,,,timeout: regular,,,,,,THUNDER Timeout: Regular (Full 1 Short 0)
22100276,2021-22 Regular Season,2021-11-24,Joe Ingles,Jordan Clarkson,Hassan Whiteside,Donovan Mitchell,Rudy Gay,Jeremiah Robinson-Earl,Luguentz Dort,Darius Bazley,Josh Giddey,Theo Maledon,1,14,16,0:03:26,0:08:34,0:00:00,79,UTA,foul,,,,,,,,,,Hassan Whiteside,,,,,,technical,,,,,,Whiteside T.FOUL (P1.T1) (B.Schwab)
22100276,2021-22 Regular Season,2021-11-24,Joe Ingles,Jordan Clarkson,Hassan Whiteside,Donovan Mitchell,Rudy Gay,Jeremiah Robinson-Earl,Luguentz Dort,Darius Bazley,Josh Giddey,Theo Maledon,1,14,16,0:03:26,0:08:34,0:00:00,80,UTA,foul,,,,,,,,,,Hassan Whiteside,,,,,,technical,,,,,,Whiteside T.FOUL (P1.T1) (M.Davis)
22100276,2021-22 Regular Season,2021-11-24,Joe Ingles,Jordan Clarkson,Hassan Whiteside,Donovan Mitchell,Rudy Gay,Derrick Favors,Luguentz Dort,Darius Bazley,Josh Giddey,Theo Maledon,1,14,16,0:03:26,0:08:34,0:00:00,81,OKC,substitution,,,,,Derrick Favors,Jeremiah Robinson-Earl,,,,Jeremiah Robinson-Earl,,,,,,sub,,,,,,SUB: Favors FOR Robinson-Earl
22100276,2021-22 Regular Season,2021-11-24,Joe Ingles,Jordan Clarkson,Rudy Gobert,Donovan Mitchell,Rudy Gay,Derrick Favors,Luguentz Dort,Darius Bazley,Josh Giddey,Theo Maledon,1,14,16,0:03:26,0:08:34,0:00:00,82,UTA,substitution,,,,,Rudy Gobert,Hassan Whiteside,,,,Hassan Whiteside,,,,,,sub,,,,,,SUB: Gobert FOR Whiteside
22100276,2021-22 Regular Season,2021-11-24,Joe Ingles,Jordan Clarkson,Rudy Gobert,Donovan Mitchell,Rudy Gay,Derrick Favors,Luguentz Dort,Darius Bazley,Josh Giddey,Theo Maledon,1,14,16,0:03:26,0:08:34,0:00:00,83,UTA,ejection,,,,,,,,,,Hassan Whiteside,,,,,,ejection: other,,,,,,Whiteside Ejection:Other
22100276,2021-22 Regular Season,2021-11-24,Joe Ingles,Jordan Clarkson,Hassan Whiteside,Donovan Mitchell,Rudy Gay,Jeremiah Robinson-Earl,Luguentz Dort,Darius Bazley,Josh Giddey,Theo Maledon,1,14,17,0:03:26,0:08:34,0:00:00,84,OKC,free throw,,,,,,,1,,1,Luguentz Dort,1,,,made,,free throw technical,,,,,,Dort Free Throw Technical (8 PTS)
22100276,2021-22 Regular Season,2021-11-24,Joe Ingles,Jordan Clarkson,Hassan Whiteside,Donovan Mitchell,Rudy Gay,Jeremiah Robinson-Earl,Luguentz Dort,Darius Bazley,Josh Giddey,Theo Maledon,1,14,17,0:03:26,0:08:34,0:00:00,85,OKC,free throw,,,,,,,1,,1,Luguentz Dort,0,,,missed,,free throw technical,,,,,,MISS Dort Free Throw Technical
22100276,2021-22 Regular Season,2021-11-24,Joe Ingles,Jordan Clarkson,Rudy Gobert,Donovan Mitchell,Rudy Gay,Derrick Favors,Luguentz Dort,Darius Bazley,Josh Giddey,Theo Maledon,1,14,17,0:03:26,0:08:34,0:00:00,86,OKC,rebound,,,,,,,,,,,,,,,,team rebound,,,,,,THUNDER Rebound
22100276,2021-22 Regular Season,2021-11-24,Joe Ingles,Jordan Clarkson,Rudy Gobert,Donovan Mitchell,Rudy Gay,Derrick Favors,Luguentz Dort,Darius Bazley,Josh Giddey,Theo Maledon,1,14,17,0:03:10,0:08:50,0:00:16,87,OKC,shot,,,,,,,,,,Darius Bazley,0,,,missed,,3pt jump shot,26,-141,221,10.899999999999999,66.9,MISS Bazley 26' 3PT Jump Shot
22100276,2021-22 Regular Season,2021-11-24,Joe Ingles,Jordan Clarkson,Rudy Gobert,Donovan Mitchell,Rudy Gay,Derrick Favors,Luguentz Dort,Darius Bazley,Josh Giddey,Theo Maledon,1,14,17,0:03:06,0:08:54,0:00:04,88,UTA,rebound,,,,,,,,,,Rudy Gobert,,,,,,rebound defensive,,,,,,Gobert REBOUND (Off:0 Def:4)
22100276,2021-22 Regular Season,2021-11-24,Joe Ingles,Jordan Clarkson,Rudy Gobert,Donovan Mitchell,Rudy Gay,Derrick Favors,Luguentz Dort,Darius Bazley,Josh Giddey,Theo Maledon,1,14,17,0:02:59,0:09:01,0:00:07,89,OKC,foul,,,,,,,,Donovan Mitchell,,Luguentz Dort,,,p.foul,,,personal,,,,,,Dort P.FOUL (P1.T2) (M.Davis)
22100276,2021-22 Regular Season,2021-11-24,Joe Ingles,Jordan Clarkson,Rudy Gobert,Donovan Mitchell,Rudy Gay,Derrick Favors,Luguentz Dort,Darius Bazley,Aleksej Pokusevski,Theo Maledon,1,14,17,0:02:59,0:09:01,0:00:00,90,OKC,substitution,,,,,Aleksej Pokusevski,Josh Giddey,,,,Josh Giddey,,,,,,sub,,,,,,SUB: Pokusevski FOR Giddey
22100276,2021-22 Regular Season,2021-11-24,Joe Ingles,Jordan Clarkson,Rudy Gobert,Donovan Mitchell,Rudy Gay,Derrick Favors,Luguentz Dort,Kenrich Williams,Aleksej Pokusevski,Theo Maledon,1,14,17,0:02:59,0:09:01,0:00:00,91,OKC,substitution,,,,,Kenrich Williams,Darius Bazley,,,,Darius Bazley,,,,,,sub,,,,,,SUB: Williams FOR Bazley
22100276,2021-22 Regular Season,2021-11-24,Joe Ingles,Jordan Clarkson,Rudy Gobert,Donovan Mitchell,Rudy Gay,Derrick Favors,Luguentz Dort,Kenrich Williams,Aleksej Pokusevski,Theo Maledon,1,14,17,0:02:54,0:09:06,0:00:05,92,UTA,turnover,,,,,,,,,,Joe Ingles,,,,,Kenrich Williams,lost ball,,,,,,Williams STEAL (1 STL): Ingles Lost Ball Turnover (P1.T1)
22100276,2021-22 Regular Season,2021-11-24,Joe Ingles,Jordan Clarkson,Rudy Gobert,Donovan Mitchell,Rudy Gay,Derrick Favors,Luguentz Dort,Kenrich Williams,Aleksej Pokusevski,Theo Maledon,1,14,17,0:02:42,0:09:18,0:00:12,93,OKC,shot,,,,,,,,,,Derrick Favors,0,,,missed,,3pt jump shot,23,228,17,47.8,87.3,MISS Favors 3PT Jump Shot
22100276,2021-22 Regular Season,2021-11-24,Joe Ingles,Jordan Clarkson,Rudy Gobert,Donovan Mitchell,Rudy Gay,Derrick Favors,Luguentz Dort,Kenrich Williams,Aleksej Pokusevski,Theo Maledon,1,14,17,0:02:38,0:09:22,0:00:04,94,UTA,rebound,,,,,,,,,,Donovan Mitchell,,,,,,rebound defensive,,,,,,Mitchell REBOUND (Off:0 Def:1)
22100276,2021-22 Regular Season,2021-11-24,Joe Ingles,Jordan Clarkson,Rudy Gobert,Donovan Mitchell,Rudy Gay,Derrick Favors,Luguentz Dort,Kenrich Williams,Aleksej Pokusevski,Theo Maledon,1,14,17,0:02:29,0:09:31,0:00:09,95,UTA,shot,,,,,,,,,,Rudy Gay,0,,,missed,,fadeaway jumper,6,-62,-5,31.2,4.5,MISS Gay 6' Fadeaway Jumper
22100276,2021-22 Regular Season,2021-11-24,Joe Ingles,Jordan Clarkson,Rudy Gobert,Donovan Mitchell,Rudy Gay,Derrick Favors,Luguentz Dort,Kenrich Williams,Aleksej Pokusevski,Theo Maledon,1,14,17,0:02:25,0:09:35,0:00:04,96,OKC,rebound,,,,,,,,,,Kenrich Williams,,,,,,rebound defensive,,,,,,Williams REBOUND (Off:0 Def:1)
22100276,2021-22 Regular Season,2021-11-24,Joe Ingles,Jordan Clarkson,Rudy Gobert,Donovan Mitchell,Rudy Gay,Derrick Favors,Luguentz Dort,Kenrich Williams,Aleksej Pokusevski,Theo Maledon,1,14,17,0:02:20,0:09:40,0:00:05,97,UTA,foul,,,,,,,,Aleksej Pokusevski,,Rudy Gay,,,p.foul,,,personal,,,,,,Gay P.FOUL (P1.T2) (B.Schwab)
22100276,2021-22 Regular Season,2021-11-24,Joe Ingles,Jordan Clarkson,Rudy Gobert,Mike Conley,Rudy Gay,Derrick Favors,Luguentz Dort,Kenrich Williams,Aleksej Pokusevski,Theo Maledon,1,14,17,0:02:20,0:09:40,0:00:00,98,UTA,substitution,,,,,Mike Conley,Donovan Mitchell,,,,Donovan Mitchell,,,,,,sub,,,,,,SUB: Conley FOR Mitchell
22100276,2021-22 Regular Season,2021-11-24,Joe Ingles,Jordan Clarkson,Rudy Gobert,Mike Conley,Rudy Gay,Derrick Favors,Luguentz Dort,Kenrich Williams,Aleksej Pokusevski,Theo Maledon,1,14,17,0:02:12,0:09:48,0:00:08,99,OKC,shot,,,,,,,,,,Derrick Favors,0,,,missed,,jump shot,17,-54,165,19.6,72.5,MISS Favors 17' Jump Shot
22100276,2021-22 Regular Season,2021-11-24,Joe Ingles,Jordan Clarkson,Rudy Gobert,Mike Conley,Rudy Gay,Derrick Favors,Luguentz Dort,Kenrich Williams,Aleksej Pokusevski,Theo Maledon,1,14,17,0:02:10,0:09:50,0:00:02,100,UTA,rebound,,,,,,,,,,Rudy Gay,,,,,,rebound defensive,,,,,,Gay REBOUND (Off:0 Def:2)
22100276,2021-22 Regular Season,2021-11-24,Joe Ingles,Jordan Clarkson,Rudy Gobert,Mike Conley,Rudy Gay,Derrick Favors,Luguentz Dort,Kenrich Williams,Aleksej Pokusevski,Theo Maledon,1,16,17,0:01:58,0:10:02,0:00:12,101,UTA,shot,,,,,,,,,,Rudy Gay,2,,,made,,jump shot,19,-26,187,27.6,23.7,Gay 19' Pullup Jump Shot (2 PTS)
22100276,2021-22 Regular Season,2021-11-24,Joe Ingles,Jordan Clarkson,Rudy Gobert,Mike Conley,Rudy Gay,Derrick Favors,Luguentz Dort,Kenrich Williams,Aleksej Pokusevski,Theo Maledon,1,16,19,0:01:45,0:10:15,0:00:13,102,OKC,shot,,,,,,,,,,Kenrich Williams,2,,,made,,layup,2,9,17,25.9,87.3,Williams 2' Driving Finger Roll Layup (2 PTS)
22100276,2021-22 Regular Season,2021-11-24,Joe Ingles,Jordan Clarkson,Rudy Gobert,Mike Conley,Rudy Gay,Derrick Favors,Luguentz Dort,Kenrich Williams,Aleksej Pokusevski,Theo Maledon,1,16,19,0:01:33,0:10:27,0:00:12,103,UTA,shot,,,,,,,,,,Jordan Clarkson,0,,,missed,,3pt step back jump shot,26,-211,157,46.1,20.700000000000003,MISS Clarkson 26' 3PT Step Back Jump Shot
22100276,2021-22 Regular Season,2021-11-24,Joe Ingles,Jordan Clarkson,Rudy Gobert,Mike Conley,Rudy Gay,Derrick Favors,Luguentz Dort,Kenrich Williams,Aleksej Pokusevski,Theo Maledon,1,16,19,0:01:31,0:10:29,0:00:02,104,OKC,rebound,,,,,,,,,,Theo Maledon,,,,,,rebound defensive,,,,,,Maledon REBOUND (Off:0 Def:1)
22100276,2021-22 Regular Season,2021-11-24,Joe Ingles,Jordan Clarkson,Rudy Gobert,Mike Conley,Rudy Gay,Derrick Favors,Luguentz Dort,Kenrich Williams,Aleksej Pokusevski,Theo Maledon,1,16,19,0:01:30,0:10:30,0:00:01,105,UTA,foul,,,,,,,,Theo Maledon,,Mike Conley,,,s.foul,,,shooting,,,,,,Conley S.FOUL (P1.T3) (M.Kogut)
22100276,2021-22 Regular Season,2021-11-24,Joe Ingles,Jordan Clarkson,Rudy Gobert,Mike Conley,Rudy Gay,Derrick Favors,Luguentz Dort,Kenrich Williams,Aleksej Pokusevski,Theo Maledon,1,16,20,0:01:30,0:10:30,0:00:00,106,OKC,free throw,,,,,,,1,,2,Theo Maledon,1,,,made,,free throw 1/2,,,,,,Maledon Free Throw 1 of 2 (1 PTS)
22100276,2021-22 Regular Season,2021-11-24,Joe Ingles,Jordan Clarkson,Rudy Gobert,Mike Conley,Rudy Gay,Derrick Favors,Ty Jerome,Kenrich Williams,Aleksej Pokusevski,Theo Maledon,1,16,20,0:01:30,0:10:30,0:00:00,107,OKC,substitution,,,,,Ty Jerome,Luguentz Dort,,,,Luguentz Dort,,,,,,sub,,,,,,SUB: Jerome FOR Dort
22100276,2021-22 Regular Season,2021-11-24,Joe Ingles,Jordan Clarkson,Rudy Gobert,Mike Conley,Rudy Gay,Derrick Favors,Luguentz Dort,Kenrich Williams,Aleksej Pokusevski,Theo Maledon,1,16,21,0:01:30,0:10:30,0:00:00,108,OKC,free throw,,,,,,,2,,2,Theo Maledon,1,,,made,,free throw 2/2,,,,,,Maledon Free Throw 2 of 2 (2 PTS)
22100276,2021-22 Regular Season,2021-11-24,Joe Ingles,Jordan Clarkson,Rudy Gobert,Mike Conley,Rudy Gay,Derrick Favors,Ty Jerome,Kenrich Williams,Aleksej Pokusevski,Theo Maledon,1,18,21,0:01:15,0:10:45,0:00:15,109,UTA,shot,Mike Conley,,,,,,,,,Rudy Gay,2,,,made,,layup,1,10,9,24.0,5.9,Gay 1' Layup (4 PTS) (Conley 2 AST)
22100276,2021-22 Regular Season,2021-11-24,Joe Ingles,Jordan Clarkson,Rudy Gobert,Mike Conley,Rudy Gay,Derrick Favors,Ty Jerome,Kenrich Williams,Aleksej Pokusevski,Theo Maledon,1,18,21,0:01:06,0:10:54,0:00:09,110,UTA,foul,,,,,,,,Derrick Favors,,Rudy Gay,,,s.foul,,,shooting,,,,,,Gay S.FOUL (P2.PN) (M.Davis)
22100276,2021-22 Regular Season,2021-11-24,Joe Ingles,Jordan Clarkson,Rudy Gobert,Mike Conley,Rudy Gay,Derrick Favors,Ty Jerome,Kenrich Williams,Aleksej Pokusevski,Theo Maledon,1,18,21,0:01:06,0:10:54,0:00:00,111,OKC,free throw,,,,,,,1,,2,Derrick Favors,0,,,missed,,free throw 1/2,,,,,,MISS Favors Free Throw 1 of 2
22100276,2021-22 Regular Season,2021-11-24,Joe Ingles,Jordan Clarkson,Rudy Gobert,Mike Conley,Rudy Gay,Derrick Favors,Ty Jerome,Kenrich Williams,Aleksej Pokusevski,Theo Maledon,1,18,21,0:01:06,0:10:54,0:00:00,112,OKC,rebound,,,,,,,,,,,,,,,,team rebound,,,,,,THUNDER Rebound
22100276,2021-22 Regular Season,2021-11-24,Joe Ingles,Jordan Clarkson,Rudy Gobert,Mike Conley,Rudy Gay,Derrick Favors,Ty Jerome,Kenrich Williams,Aleksej Pokusevski,Theo Maledon,1,18,22,0:01:06,0:10:54,0:00:00,113,OKC,free throw,,,,,,,2,,2,Derrick Favors,1,,,made,,free throw 2/2,,,,,,Favors Free Throw 2 of 2 (1 PTS)
22100276,2021-22 Regular Season,2021-11-24,Joe Ingles,Jordan Clarkson,Rudy Gobert,Mike Conley,Rudy Gay,Derrick Favors,Ty Jerome,Kenrich Williams,Aleksej Pokusevski,Theo Maledon,1,18,22,0:00:50,0:11:10,0:00:16,114,UTA,shot,,,,,,,,,,Mike Conley,0,,,missed,,3pt step back jump shot,25,34,248,21.6,29.8,MISS Conley 25' 3PT Step Back Jump Shot
22100276,2021-22 Regular Season,2021-11-24,Joe Ingles,Jordan Clarkson,Rudy Gobert,Mike Conley,Rudy Gay,Derrick Favors,Ty Jerome,Kenrich Williams,Aleksej Pokusevski,Theo Maledon,1,18,22,0:00:45,0:11:15,0:00:05,115,OKC,rebound,,,,,,,,,,Derrick Favors,,,,,,rebound defensive,,,,,,Favors REBOUND (Off:0 Def:1)
22100276,2021-22 Regular Season,2021-11-24,Joe Ingles,Jordan Clarkson,Rudy Gobert,Mike Conley,Rudy Gay,Derrick Favors,Ty Jerome,Kenrich Williams,Aleksej Pokusevski,Theo Maledon,1,18,25,0:00:32,0:11:28,0:00:13,116,OKC,shot,,,,,,,,,,Ty Jerome,3,,,made,,3pt jump shot,23,-233,-17,1.6999999999999993,90.7,Jerome 3PT Jump Shot (3 PTS)
22100276,2021-22 Regular Season,2021-11-24,Joe Ingles,Jordan Clarkson,Rudy Gobert,Mike Conley,Rudy Gay,Derrick Favors,Ty Jerome,Kenrich Williams,Aleksej Pokusevski,Theo Maledon,1,21,25,0:00:19,0:11:41,0:00:13,117,UTA,shot,Mike Conley,,,,,,,,,Jordan Clarkson,3,,,made,,3pt jump shot,23,-228,-8,47.8,4.2,Clarkson 3PT Jump Shot (3 PTS) (Conley 3 AST)
22100276,2021-22 Regular Season,2021-11-24,Joe Ingles,Jordan Clarkson,Rudy Gobert,Mike Conley,Rudy Gay,Derrick Favors,Ty Jerome,Kenrich Williams,Aleksej Pokusevski,Theo Maledon,1,21,25,0:00:02,0:11:58,0:00:17,118,OKC,shot,,,,,,,,,,Ty Jerome,0,,,missed,,jump shot,16,67,147,31.7,74.3,MISS Jerome 16' Pullup Jump Shot
22100276,2021-22 Regular Season,2021-11-24,Joe Ingles,Jordan Clarkson,Rudy Gobert,Mike Conley,Rudy Gay,Derrick Favors,Ty Jerome,Kenrich Williams,Aleksej Pokusevski,Theo Maledon,1,21,25,0:00:02,0:11:58,0:00:00,119,UTA,rebound,,,,,,,,,,Jordan Clarkson,,,,,,rebound defensive,,,,,,Clarkson REBOUND (Off:0 Def:1)
22100276,2021-22 Regular Season,2021-11-24,Joe Ingles,Jordan Clarkson,Rudy Gobert,Mike Conley,Rudy Gay,Derrick Favors,Ty Jerome,Kenrich Williams,Aleksej Pokusevski,Theo Maledon,1,21,25,0:00:00,0:12:00,0:00:02,120,,end of period,,,,,,,,,,,,,,,,end of period,,,,,,
22100276,2021-22 Regular Season,2021-11-24,Mike Conley,Rudy Gay,Rudy Gobert,Jordan Clarkson,Joe Ingles,Aleksej Pokusevski,Derrick Favors,Kenrich Williams,Ty Jerome,Theo Maledon,2,21,25,0:12:00,0:00:00,0:00:00,121,,start of period,,,,,,,,,,,,,,,,start of period,,,,,,
22100276,2021-22 Regular Season,2021-11-24,Mike Conley,Rudy Gay,Rudy Gobert,Jordan Clarkson,Joe Ingles,Aleksej Pokusevski,Derrick Favors,Kenrich Williams,Ty Jerome,Theo Maledon,2,21,27,0:11:36,0:00:24,0:00:24,122,OKC,shot,,,,,,,,,,Aleksej Pokusevski,2,,,made,,jump shot,16,33,151,28.3,73.9,Pokusevski 15' Pullup Jump Shot (2 PTS)
22100276,2021-22 Regular Season,2021-11-24,Mike Conley,Rudy Gay,Rudy Gobert,Jordan Clarkson,Joe Ingles,Aleksej Pokusevski,Derrick Favors,Kenrich Williams,Ty Jerome,Theo Maledon,2,21,27,0:11:21,0:00:39,0:00:15,123,UTA,turnover,,,,,,,,,,Mike Conley,,,bad pass,,Derrick Favors,bad pass,,,,,,Favors STEAL (1 STL): Conley Bad Pass Turnover (P1.T2)
22100276,2021-22 Regular Season,2021-11-24,Mike Conley,Rudy Gay,Rudy Gobert,Jordan Clarkson,Joe Ingles,Aleksej Pokusevski,Derrick Favors,Kenrich Williams,Ty Jerome,Theo Maledon,2,21,29,0:11:16,0:00:44,0:00:05,124,OKC,shot,,,,,,,,,,Kenrich Williams,2,,,made,,layup,1,10,1,26.0,88.9,Williams 1' Running Layup (4 PTS)
22100276,2021-22 Regular Season,2021-11-24,Mike Conley,Rudy Gay,Rudy Gobert,Jordan Clarkson,Joe Ingles,Aleksej Pokusevski,Derrick Favors,Kenrich Williams,Ty Jerome,Theo Maledon,2,21,29,0:10:59,0:01:01,0:00:17,125,UTA,shot,,,,,,,,,,Rudy Gay,0,,,missed,,jump shot,16,64,145,18.6,19.5,MISS Gay 16' Pullup Jump Shot
22100276,2021-22 Regular Season,2021-11-24,Mike Conley,Rudy Gay,Rudy Gobert,Jordan Clarkson,Joe Ingles,Aleksej Pokusevski,Derrick Favors,Kenrich Williams,Ty Jerome,Theo Maledon,2,21,29,0:10:56,0:01:04,0:00:03,126,OKC,rebound,,,,,,,,,,Derrick Favors,,,,,,rebound defensive,,,,,,Favors REBOUND (Off:0 Def:2)
22100276,2021-22 Regular Season,2021-11-24,Mike Conley,Rudy Gay,Rudy Gobert,Jordan Clarkson,Joe Ingles,Aleksej Pokusevski,Derrick Favors,Kenrich Williams,Ty Jerome,Theo Maledon,2,21,29,0:10:40,0:01:20,0:00:16,127,OKC,shot,,,,,,,,,,Ty Jerome,0,,,missed,,layup,3,-20,17,23.0,87.3,MISS Jerome 3' Layup
22100276,2021-22 Regular Season,2021-11-24,Mike Conley,Rudy Gay,Rudy Gobert,Jordan Clarkson,Joe Ingles,Aleksej Pokusevski,Derrick Favors,Kenrich Williams,Ty Jerome,Theo Maledon,2,21,29,0:10:38,0:01:22,0:00:02,128,UTA,rebound,,,,,,,,,,Rudy Gobert,,,,,,rebound defensive,,,,,,Gobert REBOUND (Off:0 Def:5)
22100276,2021-22 Regular Season,2021-11-24,Mike Conley,Rudy Gay,Rudy Gobert,Jordan Clarkson,Joe Ingles,Aleksej Pokusevski,Derrick Favors,Kenrich Williams,Ty Jerome,Theo Maledon,2,21,29,0:10:31,0:01:29,0:00:07,129,UTA,shot,,,,,,,,,,Jordan Clarkson,0,,,missed,,3pt pullup jump shot,26,-1,255,25.1,30.5,MISS Clarkson 26' 3PT Pullup Jump Shot
22100276,2021-22 Regular Season,2021-11-24,Mike Conley,Rudy Gay,Rudy Gobert,Jordan Clarkson,Joe Ingles,Aleksej Pokusevski,Derrick Favors,Kenrich Williams,Ty Jerome,Theo Maledon,2,21,29,0:10:28,0:01:32,0:00:03,130,OKC,rebound,,,,,,,,,,Theo Maledon,,,,,,rebound defensive,,,,,,Maledon REBOUND (Off:0 Def:2)
22100276,2021-22 Regular Season,2021-11-24,Mike Conley,Rudy Gay,Rudy Gobert,Jordan Clarkson,Joe Ingles,Aleksej Pokusevski,Derrick Favors,Kenrich Williams,Ty Jerome,Theo Maledon,2,21,29,0:10:16,0:01:44,0:00:12,131,OKC,shot,,,,,,,,,,Aleksej Pokusevski,0,,,missed,,layup,5,-44,15,20.6,87.5,MISS Pokusevski 5' Layup
22100276,2021-22 Regular Season,2021-11-24,Mike Conley,Rudy Gay,Rudy Gobert,Jordan Clarkson,Joe Ingles,Aleksej Pokusevski,Derrick Favors,Kenrich Williams,Ty Jerome,Theo Maledon,2,21,29,0:10:14,0:01:46,0:00:02,132,UTA,rebound,,,,,,,,,,Rudy Gobert,,,,,,rebound defensive,,,,,,Gobert REBOUND (Off:0 Def:6)
22100276,2021-22 Regular Season,2021-11-24,Mike Conley,Rudy Gay,Rudy Gobert,Jordan Clarkson,Joe Ingles,Aleksej Pokusevski,Derrick Favors,Kenrich Williams,Ty Jerome,Theo Maledon,2,21,29,0:10:09,0:01:51,0:00:05,133,OKC,foul,,,,,,,,Rudy Gay,,Kenrich Williams,,,s.foul,,,shooting,,,,,,Williams S.FOUL (P1.T1) (B.Schwab)
22100276,2021-22 Regular Season,2021-11-24,Mike Conley,Rudy Gay,Rudy Gobert,Jordan Clarkson,Joe Ingles,Aleksej Pokusevski,Derrick Favors,Kenrich Williams,Ty Jerome,Theo Maledon,2,22,29,0:10:09,0:01:51,0:00:00,134,UTA,free throw,,,,,,,1,,2,Rudy Gay,1,,,made,,free throw 1/2,,,,,,Gay Free Throw 1 of 2 (5 PTS)
22100276,2021-22 Regular Season,2021-11-24,Trent Forrest,Rudy Gay,Rudy Gobert,Jordan Clarkson,Joe Ingles,Aleksej Pokusevski,Derrick Favors,Kenrich Williams,Ty Jerome,Theo Maledon,2,22,29,0:10:09,0:01:51,0:00:00,135,UTA,substitution,,,,,Trent Forrest,Mike Conley,,,,Mike Conley,,,,,,sub,,,,,,SUB: Forrest FOR Conley
22100276,2021-22 Regular Season,2021-11-24,Mike Conley,Rudy Gay,Rudy Gobert,Jordan Clarkson,Joe Ingles,Aleksej Pokusevski,Derrick Favors,Kenrich Williams,Ty Jerome,Theo Maledon,2,23,29,0:10:09,0:01:51,0:00:00,136,UTA,free throw,,,,,,,2,,2,Rudy Gay,1,,,made,,free throw 2/2,,,,,,Gay Free Throw 2 of 2 (6 PTS)
22100276,2021-22 Regular Season,2021-11-24,Trent Forrest,Rudy Gay,Rudy Gobert,Jordan Clarkson,Joe Ingles,Aleksej Pokusevski,Derrick Favors,Kenrich Williams,Ty Jerome,Theo Maledon,2,23,29,0:09:50,0:02:10,0:00:19,137,OKC,shot,,,,,,,,,,Theo Maledon,0,,,missed,,3pt jump shot,26,-142,223,10.799999999999999,66.7,MISS Maledon 26' 3PT Jump Shot
22100276,2021-22 Regular Season,2021-11-24,Trent Forrest,Rudy Gay,Rudy Gobert,Jordan Clarkson,Joe Ingles,Aleksej Pokusevski,Derrick Favors,Kenrich Williams,Ty Jerome,Theo Maledon,2,23,29,0:09:47,0:02:13,0:00:03,138,UTA,rebound,,,,,,,,,,Rudy Gobert,,,,,,rebound defensive,,,,,,Gobert REBOUND (Off:0 Def:7)
22100276,2021-22 Regular Season,2021-11-24,Trent Forrest,Rudy Gay,Rudy Gobert,Jordan Clarkson,Joe Ingles,Aleksej Pokusevski,Derrick Favors,Kenrich Williams,Ty Jerome,Theo Maledon,2,26,29,0:09:31,0:02:29,0:00:16,139,UTA,shot,Jordan Clarkson,,,,,,,,,Rudy Gay,3,,,made,,3pt jump shot,23,-232,-10,48.2,4.0,Gay 3PT Jump Shot (9 PTS) (Clarkson 1 AST)
22100276,2021-22 Regular Season,2021-11-24,Trent Forrest,Rudy Gay,Rudy Gobert,Jordan Clarkson,Joe Ingles,Aleksej Pokusevski,Derrick Favors,Kenrich Williams,Ty Jerome,Theo Maledon,2,26,29,0:09:07,0:02:53,0:00:24,140,UTA,foul,,,,,,,,Kenrich Williams,,Jordan Clarkson,,,s.foul,,,shooting,,,,,,Clarkson S.FOUL (P1.T1) (M.Davis)
22100276,2021-22 Regular Season,2021-11-24,Trent Forrest,Rudy Gay,Rudy Gobert,Jordan Clarkson,Joe Ingles,Aleksej Pokusevski,Derrick Favors,Kenrich Williams,Ty Jerome,Theo Maledon,2,26,29,0:09:07,0:02:53,0:00:00,141,OKC,free throw,,,,,,,1,,2,Kenrich Williams,0,,,missed,,free throw 1/2,,,,,,MISS Williams Free Throw 1 of 2
22100276,2021-22 Regular Season,2021-11-24,Trent Forrest,Rudy Gay,Rudy Gobert,Jordan Clarkson,Joe Ingles,Aleksej Pokusevski,Derrick Favors,Kenrich Williams,Ty Jerome,Theo Maledon,2,26,29,0:09:07,0:02:53,0:00:00,142,OKC,rebound,,,,,,,,,,,,,,,,team rebound,,,,,,THUNDER Rebound
22100276,2021-22 Regular Season,2021-11-24,Trent Forrest,Rudy Gay,Rudy Gobert,Jordan Clarkson,Joe Ingles,Aleksej Pokusevski,Derrick Favors,Kenrich Williams,Ty Jerome,Theo Maledon,2,26,29,0:09:07,0:02:53,0:00:00,143,OKC,free throw,,,,,,,2,,2,Kenrich Williams,0,,,missed,,free throw 2/2,,,,,,MISS Williams Free Throw 2 of 2
22100276,2021-22 Regular Season,2021-11-24,Trent Forrest,Rudy Gay,Rudy Gobert,Jordan Clarkson,Joe Ingles,Aleksej Pokusevski,Derrick Favors,Kenrich Williams,Ty Jerome,Theo Maledon,2,26,29,0:09:05,0:02:55,0:00:02,144,UTA,rebound,,,,,,,,,,Rudy Gobert,,,,,,rebound defensive,,,,,,Gobert REBOUND (Off:0 Def:8)
22100276,2021-22 Regular Season,2021-11-24,Trent Forrest,Rudy Gay,Rudy Gobert,Jordan Clarkson,Joe Ingles,Aleksej Pokusevski,Derrick Favors,Kenrich Williams,Ty Jerome,Theo Maledon,2,29,29,0:08:48,0:03:12,0:00:17,145,UTA,shot,Trent Forrest,,,,,,,,,Jordan Clarkson,3,,,made,,3pt pullup jump shot,23,-224,-42,47.400000000000006,0.7999999999999998,Clarkson 3PT Pullup Jump Shot (6 PTS) (Forrest 1 AST)
22100276,2021-22 Regular Season,2021-11-24,Trent Forrest,Rudy Gay,Rudy Gobert,Jordan Clarkson,Joe Ingles,Aleksej Pokusevski,Derrick Favors,Kenrich Williams,Ty Jerome,Theo Maledon,2,29,29,0:08:34,0:03:26,0:00:14,146,OKC,shot,,,,,,,,,,Ty Jerome,0,,,missed,,3pt pullup jump shot,26,9,263,25.9,62.7,MISS Jerome 26' 3PT Pullup Jump Shot
22100276,2021-22 Regular Season,2021-11-24,Trent Forrest,Rudy Gay,Rudy Gobert,Jordan Clarkson,Joe Ingles,Aleksej Pokusevski,Derrick Favors,Kenrich Williams,Ty Jerome,Theo Maledon,2,29,29,0:08:31,0:03:29,0:00:03,147,UTA,rebound,,,,,,,,,,Rudy Gobert,,,,,,rebound defensive,,,,,,Gobert REBOUND (Off:0 Def:9)
22100276,2021-22 Regular Season,2021-11-24,Trent Forrest,Rudy Gay,Rudy Gobert,Jordan Clarkson,Joe Ingles,Aleksej Pokusevski,Derrick Favors,Kenrich Williams,Ty Jerome,Theo Maledon,2,32,29,0:08:22,0:03:38,0:00:09,148,UTA,shot,,,,,,,,,,Joe Ingles,3,,,made,,3pt pullup jump shot,26,143,218,10.7,26.8,Ingles 26' 3PT Pullup Jump Shot (3 PTS)
22100276,2021-22 Regular Season,2021-11-24,Trent Forrest,Rudy Gay,Rudy Gobert,Jordan Clarkson,Joe Ingles,Aleksej Pokusevski,Derrick Favors,Kenrich Williams,Ty Jerome,Theo Maledon,2,32,29,0:08:22,0:03:38,0:00:00,149,OKC,timeout,,,,,,,,,,,,,,,,timeout: regular,,,,,,THUNDER Timeout: Regular (Full 2 Short 0)
22100276,2021-22 Regular Season,2021-11-24,Trent Forrest,Rudy Gay,Rudy Gobert,Jordan Clarkson,Joe Ingles,Aleksej Pokusevski,Mike Muscala,Kenrich Williams,Ty Jerome,Theo Maledon,2,32,29,0:08:22,0:03:38,0:00:00,150,OKC,substitution,,,,,Mike Muscala,Derrick Favors,,,,Derrick Favors,,,,,,sub,,,,,,SUB: Muscala FOR Favors
22100276,2021-22 Regular Season,2021-11-24,Trent Forrest,Rudy Gay,Eric Paschall,Jordan Clarkson,Joe Ingles,Aleksej Pokusevski,Mike Muscala,Kenrich Williams,Ty Jerome,Theo Maledon,2,32,29,0:08:22,0:03:38,0:00:00,151,UTA,substitution,,,,,Eric Paschall,Rudy Gobert,,,,Rudy Gobert,,,,,,sub,,,,,,SUB: Paschall FOR Gobert
22100276,2021-22 Regular Season,2021-11-24,Trent Forrest,Rudy Gay,Eric Paschall,Jordan Clarkson,Joe Ingles,Aleksej Pokusevski,Mike Muscala,Kenrich Williams,Ty Jerome,Theo Maledon,2,32,29,0:08:02,0:03:58,0:00:20,152,OKC,shot,,,,Eric Paschall,,,,,,Mike Muscala,0,,,missed,,layup,4,5,37,25.5,85.3,MISS Muscala 4' Layup: Paschall BLOCK (1 BLK)
22100276,2021-22 Regular Season,2021-11-24,Trent Forrest,Rudy Gay,Eric Paschall,Jordan Clarkson,Joe Ingles,Aleksej Pokusevski,Mike Muscala,Kenrich Williams,Ty Jerome,Theo Maledon,2,32,29,0:08:02,0:03:58,0:00:00,153,OKC,rebound,,,,,,,,,,,,,,,,rebound offensive,,,,,,THUNDER Rebound
22100276,2021-22 Regular Season,2021-11-24,Trent Forrest,Rudy Gay,Eric Paschall,Jordan Clarkson,Joe Ingles,Aleksej Pokusevski,Mike Muscala,Kenrich Williams,Ty Jerome,Theo Maledon,2,32,29,0:07:59,0:04:01,0:00:03,154,UTA,foul,,,,,,,,Theo Maledon,,Jordan Clarkson,,,s.foul,,,shooting,,,,,,Clarkson S.FOUL (P2.T2) (B.Schwab)
22100276,2021-22 Regular Season,2021-11-24,Trent Forrest,Rudy Gay,Eric Paschall,Jordan Clarkson,Joe Ingles,Aleksej Pokusevski,Mike Muscala,Kenrich Williams,Ty Jerome,Theo Maledon,2,32,30,0:07:59,0:04:01,0:00:00,155,OKC,free throw,,,,,,,1,,2,Theo Maledon,1,,,made,,free throw 1/2,,,,,,Maledon Free Throw 1 of 2 (3 PTS)
22100276,2021-22 Regular Season,2021-11-24,Trent Forrest,Rudy Gay,Eric Paschall,Jordan Clarkson,Joe Ingles,Aleksej Pokusevski,Mike Muscala,Kenrich Williams,Ty Jerome,Theo Maledon,2,32,31,0:07:59,0:04:01,0:00:00,156,OKC,free throw,,,,,,,2,,2,Theo Maledon,1,,,made,,free throw 2/2,,,,,,Maledon Free Throw 2 of 2 (4 PTS)
22100276,2021-22 Regular Season,2021-11-24,Trent Forrest,Rudy Gay,Eric Paschall,Jordan Clarkson,Joe Ingles,Aleksej Pokusevski,Mike Muscala,Kenrich Williams,Ty Jerome,Theo Maledon,2,32,31,0:07:46,0:04:14,0:00:13,157,OKC,foul,,,,,,,,Jordan Clarkson,,Kenrich Williams,,,s.foul,,,shooting,,,,,,Williams S.FOUL (P2.T2) (M.Davis)
22100276,2021-22 Regular Season,2021-11-24,Trent Forrest,Rudy Gay,Eric Paschall,Jordan Clarkson,Joe Ingles,Aleksej Pokusevski,Mike Muscala,Kenrich Williams,Ty Jerome,Theo Maledon,2,33,31,0:07:46,0:04:14,0:00:00,158,UTA,free throw,,,,,,,1,,2,Jordan Clarkson,1,,,made,,free throw 1/2,,,,,,Clarkson Free Throw 1 of 2 (7 PTS)
22100276,2021-22 Regular Season,2021-11-24,Trent Forrest,Rudy Gay,Eric Paschall,Jordan Clarkson,Joe Ingles,Luguentz Dort,Mike Muscala,Kenrich Williams,Ty Jerome,Theo Maledon,2,33,31,0:07:46,0:04:14,0:00:00,159,OKC,substitution,,,,,Luguentz Dort,Aleksej Pokusevski,,,,Aleksej Pokusevski,,,,,,sub,,,,,,SUB: Dort FOR Pokusevski
22100276,2021-22 Regular Season,2021-11-24,Donovan Mitchell,Rudy Gay,Eric Paschall,Jordan Clarkson,Joe Ingles,Luguentz Dort,Mike Muscala,Kenrich Williams,Ty Jerome,Theo Maledon,2,33,31,0:07:46,0:04:14,0:00:00,160,UTA,substitution,,,,,Donovan Mitchell,Trent Forrest,,,,Trent Forrest,,,,,,sub,,,,,,SUB: Mitchell FOR Forrest
22100276,2021-22 Regular Season,2021-11-24,Donovan Mitchell,Royce O'Neale,Eric Paschall,Jordan Clarkson,Joe Ingles,Luguentz Dort,Mike Muscala,Kenrich Williams,Ty Jerome,Theo Maledon,2,33,31,0:07:46,0:04:14,0:00:00,161,UTA,substitution,,,,,Royce O'Neale,Rudy Gay,,,,Rudy Gay,,,,,,sub,,,,,,SUB: O'Neale FOR Gay
22100276,2021-22 Regular Season,2021-11-24,Trent Forrest,Rudy Gay,Eric Paschall,Jordan Clarkson,Joe Ingles,Aleksej Pokusevski,Mike Muscala,Kenrich Williams,Ty Jerome,Theo Maledon,2,34,31,0:07:46,0:04:14,0:00:00,162,UTA,free throw,,,,,,,2,,2,Jordan Clarkson,1,,,made,,free throw 2/2,,,,,,Clarkson Free Throw 2 of 2 (8 PTS)
22100276,2021-22 Regular Season,2021-11-24,Donovan Mitchell,Royce O'Neale,Eric Paschall,Jordan Clarkson,Joe Ingles,Luguentz Dort,Mike Muscala,Kenrich Williams,Ty Jerome,Theo Maledon,2,34,31,0:07:28,0:04:32,0:00:18,163,OKC,shot,,,,Royce O'Neale,,,,,,Mike Muscala,0,,,missed,,layup,2,-10,23,24.0,86.7,MISS Muscala 3' Layup: O'Neale BLOCK (1 BLK)
22100276,2021-22 Regular Season,2021-11-24,Donovan Mitchell,Royce O'Neale,Eric Paschall,Jordan Clarkson,Joe Ingles,Luguentz Dort,Mike Muscala,Kenrich Williams,Ty Jerome,Theo Maledon,2,34,31,0:07:26,0:04:34,0:00:02,164,UTA,rebound,,,,,,,,,,Royce O'Neale,,,,,,rebound defensive,,,,,,O'Neale REBOUND (Off:0 Def:3)
22100276,2021-22 Regular Season,2021-11-24,Donovan Mitchell,Royce O'Neale,Eric Paschall,Jordan Clarkson,Joe Ingles,Luguentz Dort,Mike Muscala,Kenrich Williams,Ty Jerome,Theo Maledon,2,34,31,0:07:20,0:04:40,0:00:06,165,UTA,shot,,,,,,,,,,Jordan Clarkson,0,,,missed,,3pt jump shot,25,-180,171,43.0,22.1,MISS Clarkson 25' 3PT Jump Shot
22100276,2021-22 Regular Season,2021-11-24,Donovan Mitchell,Royce O'Neale,Eric Paschall,Jordan Clarkson,Joe Ingles,Luguentz Dort,Mike Muscala,Kenrich Williams,Ty Jerome,Theo Maledon,2,34,31,0:07:15,0:04:45,0:00:05,166,OKC,rebound,,,,,,,,,,Luguentz Dort,,,,,,rebound defensive,,,,,,Dort REBOUND (Off:0 Def:2)
22100276,2021-22 Regular Season,2021-11-24,Donovan Mitchell,Royce O'Neale,Eric Paschall,Jordan Clarkson,Joe Ingles,Luguentz Dort,Mike Muscala,Kenrich Williams,Ty Jerome,Theo Maledon,2,34,31,0:07:12,0:04:48,0:00:03,167,UTA,foul,,,,,,,,Luguentz Dort,,Donovan Mitchell,,,s.foul,,,shooting,,,,,,Mitchell S.FOUL (P1.T3) (M.Kogut)
22100276,2021-22 Regular Season,2021-11-24,Donovan Mitchell,Royce O'Neale,Eric Paschall,Jordan Clarkson,Joe Ingles,Luguentz Dort,Mike Muscala,Kenrich Williams,Ty Jerome,Theo Maledon,2,34,32,0:07:12,0:04:48,0:00:00,168,OKC,free throw,,,,,,,1,,2,Luguentz Dort,1,,,made,,free throw 1/2,,,,,,Dort Free Throw 1 of 2 (9 PTS)
22100276,2021-22 Regular Season,2021-11-24,Donovan Mitchell,Royce O'Neale,Eric Paschall,Jordan Clarkson,Joe Ingles,Luguentz Dort,Mike Muscala,Kenrich Williams,Ty Jerome,Jeremiah Robinson-Earl,2,34,32,0:07:12,0:04:48,0:00:00,169,OKC,substitution,,,,,Jeremiah Robinson-Earl,Theo Maledon,,,,Theo Maledon,,,,,,sub,,,,,,SUB: Robinson-Earl FOR Maledon
22100276,2021-22 Regular Season,2021-11-24,Donovan Mitchell,Royce O'Neale,Eric Paschall,Jordan Clarkson,Bojan Bogdanovic,Luguentz Dort,Mike Muscala,Kenrich Williams,Ty Jerome,Jeremiah Robinson-Earl,2,34,32,0:07:12,0:04:48,0:00:00,170,UTA,substitution,,,,,Bojan Bogdanovic,Joe Ingles,,,,Joe Ingles,,,,,,sub,,,,,,SUB: Bogdanovic FOR Ingles
22100276,2021-22 Regular Season,2021-11-24,Donovan Mitchell,Royce O'Neale,Eric Paschall,Jordan Clarkson,Joe Ingles,Luguentz Dort,Mike Muscala,Kenrich Williams,Ty Jerome,Theo Maledon,2,34,33,0:07:12,0:04:48,0:00:00,171,OKC,free throw,,,,,,,2,,2,Luguentz Dort,1,,,made,,free throw 2/2,,,,,,Dort Free Throw 2 of 2 (10 PTS)
22100276,2021-22 Regular Season,2021-11-24,Donovan Mitchell,Royce O'Neale,Eric Paschall,Jordan Clarkson,Bojan Bogdanovic,Luguentz Dort,Mike Muscala,Kenrich Williams,Ty Jerome,Jeremiah Robinson-Earl,2,34,33,0:06:52,0:05:08,0:00:20,172,UTA,foul,,,,,,,,Jeremiah Robinson-Earl,,Eric Paschall,,,offensive charge foul,,,offensive charge,,,,,,Paschall Offensive Charge Foul (P1) (M.Kogut)
22100276,2021-22 Regular Season,2021-11-24,Donovan Mitchell,Royce O'Neale,Eric Paschall,Jordan Clarkson,Bojan Bogdanovic,Luguentz Dort,Mike Muscala,Kenrich Williams,Ty Jerome,Jeremiah Robinson-Earl,2,34,33,0:06:52,0:05:08,0:00:00,173,UTA,turnover,,,,,,,,,,Eric Paschall,,,offensive foul turnover,,,offensive foul,,,,,,Paschall Offensive Foul Turnover (P1.T3)
22100276,2021-22 Regular Season,2021-11-24,Donovan Mitchell,Royce O'Neale,Eric Paschall,Jordan Clarkson,Bojan Bogdanovic,Luguentz Dort,Mike Muscala,Kenrich Williams,Josh Giddey,Jeremiah Robinson-Earl,2,34,33,0:06:52,0:05:08,0:00:00,174,OKC,substitution,,,,,Josh Giddey,Ty Jerome,,,,Ty Jerome,,,,,,sub,,,,,,SUB: Giddey FOR Jerome
22100276,2021-22 Regular Season,2021-11-24,Donovan Mitchell,Royce O'Neale,Eric Paschall,Jordan Clarkson,Bojan Bogdanovic,Luguentz Dort,Mike Muscala,Kenrich Williams,Josh Giddey,Jeremiah Robinson-Earl,2,34,35,0:06:41,0:05:19,0:00:11,175,OKC,shot,Josh Giddey,,,,,,,,,Kenrich Williams,2,,,made,,cutting layup shot,2,12,16,26.2,87.4,Williams 2' Cutting Layup Shot (6 PTS) (Giddey 4 AST)
22100276,2021-22 Regular Season,2021-11-24,Donovan Mitchell,Royce O'Neale,Eric Paschall,Jordan Clarkson,Bojan Bogdanovic,Luguentz Dort,Mike Muscala,Kenrich Williams,Josh Giddey,Jeremiah Robinson-Earl,2,34,35,0:06:15,0:05:45,0:00:26,176,UTA,shot,,,,,,,,,,Bojan Bogdanovic,0,,,missed,,3pt pullup jump shot,25,146,206,10.399999999999999,25.6,MISS Bogdanovic 25' 3PT Pullup Jump Shot
22100276,2021-22 Regular Season,2021-11-24,Donovan Mitchell,Royce O'Neale,Eric Paschall,Jordan Clarkson,Bojan Bogdanovic,Luguentz Dort,Mike Muscala,Kenrich Williams,Josh Giddey,Jeremiah Robinson-Earl,2,34,35,0:06:12,0:05:48,0:00:03,177,OKC,rebound,,,,,,,,,,Luguentz Dort,,,,,,rebound defensive,,,,,,Dort REBOUND (Off:0 Def:3)
22100276,2021-22 Regular Season,2021-11-24,Donovan Mitchell,Royce O'Neale,Eric Paschall,Jordan Clarkson,Bojan Bogdanovic,Luguentz Dort,Mike Muscala,Kenrich Williams,Josh Giddey,Jeremiah Robinson-Earl,2,34,35,0:06:00,0:06:00,0:00:12,178,OKC,shot,,,,,,,,,,Mike Muscala,0,,,missed,,cutting layup shot,4,29,31,27.9,85.9,MISS Muscala 4' Cutting Layup Shot
22100276,2021-22 Regular Season,2021-11-24,Donovan Mitchell,Royce O'Neale,Eric Paschall,Jordan Clarkson,Bojan Bogdanovic,Luguentz Dort,Mike Muscala,Kenrich Williams,Josh Giddey,Jeremiah Robinson-Earl,2,34,35,0:05:59,0:06:01,0:00:01,179,UTA,rebound,,,,,,,,,,Bojan Bogdanovic,,,,,,rebound defensive,,,,,,Bogdanovic REBOUND (Off:0 Def:1)
22100276,2021-22 Regular Season,2021-11-24,Donovan Mitchell,Royce O'Neale,Eric Paschall,Jordan Clarkson,Bojan Bogdanovic,Luguentz Dort,Mike Muscala,Kenrich Williams,Josh Giddey,Jeremiah Robinson-Earl,2,36,35,0:05:47,0:06:13,0:00:12,180,UTA,shot,,,,,,,,,,Jordan Clarkson,2,,,made,,floating jump shot,10,-38,95,28.8,14.5,Clarkson 10' Floating Jump Shot (10 PTS)
22100276,2021-22 Regular Season,2021-11-24,Donovan Mitchell,Royce O'Neale,Eric Paschall,Jordan Clarkson,Bojan Bogdanovic,Luguentz Dort,Mike Muscala,Kenrich Williams,Josh Giddey,Jeremiah Robinson-Earl,2,36,37,0:05:36,0:06:24,0:00:11,181,OKC,shot,,,,,,,,,,Josh Giddey,2,,,made,,driving dunk,1,2,7,25.2,88.3,Giddey 1' Driving Dunk (6 PTS)
22100276,2021-22 Regular Season,2021-11-24,Donovan Mitchell,Royce O'Neale,Eric Paschall,Jordan Clarkson,Bojan Bogdanovic,Luguentz Dort,Mike Muscala,Kenrich Williams,Josh Giddey,Jeremiah Robinson-Earl,2,36,37,0:05:36,0:06:24,0:00:00,182,UTA,timeout,,,,,,,,,,,,,,,,timeout: regular,,,,,,Jazz Timeout: Regular (Reg.2 Short 0)
22100276,2021-22 Regular Season,2021-11-24,Donovan Mitchell,Royce O'Neale,Eric Paschall,Jordan Clarkson,Bojan Bogdanovic,Luguentz Dort,Mike Muscala,Darius Bazley,Josh Giddey,Jeremiah Robinson-Earl,2,36,37,0:05:36,0:06:24,0:00:00,183,OKC,substitution,,,,,Darius Bazley,Kenrich Williams,,,,Kenrich Williams,,,,,,sub,,,,,,SUB: Bazley FOR Williams
22100276,2021-22 Regular Season,2021-11-24,Donovan Mitchell,Royce O'Neale,Rudy Gobert,Jordan Clarkson,Bojan Bogdanovic,Luguentz Dort,Mike Muscala,Darius Bazley,Josh Giddey,Jeremiah Robinson-Earl,2,36,37,0:05:36,0:06:24,0:00:00,184,UTA,substitution,,,,,Rudy Gobert,Eric Paschall,,,,Eric Paschall,,,,,,sub,,,,,,SUB: Gobert FOR Paschall
22100276,2021-22 Regular Season,2021-11-24,Donovan Mitchell,Royce O'Neale,Rudy Gobert,Jordan Clarkson,Bojan Bogdanovic,Luguentz Dort,Mike Muscala,Darius Bazley,Josh Giddey,Jeremiah Robinson-Earl,2,36,37,0:05:19,0:06:41,0:00:17,185,OKC,foul,,,,,,,,Bojan Bogdanovic,,Mike Muscala,,,s.foul,,,shooting,,,,,,Muscala S.FOUL (P1.T3) (M.Davis)
22100276,2021-22 Regular Season,2021-11-24,Donovan Mitchell,Royce O'Neale,Rudy Gobert,Jordan Clarkson,Bojan Bogdanovic,Luguentz Dort,Mike Muscala,Darius Bazley,Josh Giddey,Jeremiah Robinson-Earl,2,37,37,0:05:19,0:06:41,0:00:00,186,UTA,free throw,,,,,,,1,,2,Bojan Bogdanovic,1,,,made,,free throw 1/2,,,,,,Bogdanovic Free Throw 1 of 2 (5 PTS)
22100276,2021-22 Regular Season,2021-11-24,Donovan Mitchell,Royce O'Neale,Rudy Gobert,Jordan Clarkson,Bojan Bogdanovic,Luguentz Dort,Mike Muscala,Darius Bazley,Josh Giddey,Jeremiah Robinson-Earl,2,37,37,0:05:19,0:06:41,0:00:00,187,UTA,free throw,,,,,,,2,,2,Bojan Bogdanovic,0,,,missed,,free throw 2/2,,,,,,MISS Bogdanovic Free Throw 2 of 2
22100276,2021-22 Regular Season,2021-11-24,Donovan Mitchell,Royce O'Neale,Rudy Gobert,Jordan Clarkson,Bojan Bogdanovic,Luguentz Dort,Mike Muscala,Darius Bazley,Josh Giddey,Jeremiah Robinson-Earl,2,37,37,0:05:17,0:06:43,0:00:02,188,OKC,rebound,,,,,,,,,,Darius Bazley,,,,,,rebound defensive,,,,,,Bazley REBOUND (Off:1 Def:5)
22100276,2021-22 Regular Season,2021-11-24,Donovan Mitchell,Royce O'Neale,Rudy Gobert,Jordan Clarkson,Bojan Bogdanovic,Luguentz Dort,Mike Muscala,Darius Bazley,Josh Giddey,Jeremiah Robinson-Earl,2,37,37,0:05:00,0:07:00,0:00:17,189,OKC,turnover,,,,,,,,,,Mike Muscala,,,,,Bojan Bogdanovic,lost ball,,,,,,Muscala Lost Ball Turnover (P1.T4): Bogdanovic STEAL (1 STL)
22100276,2021-22 Regular Season,2021-11-24,Donovan Mitchell,Royce O'Neale,Rudy Gobert,Jordan Clarkson,Bojan Bogdanovic,Luguentz Dort,Mike Muscala,Darius Bazley,Josh Giddey,Jeremiah Robinson-Earl,2,37,37,0:04:54,0:07:06,0:00:06,190,OKC,foul,,,,,,,,Jordan Clarkson,,Jeremiah Robinson-Earl,,,s.foul,,,shooting,,,,,,Robinson-Earl S.FOUL (P1.T4) (B.Schwab)
22100276,2021-22 Regular Season,2021-11-24,Donovan Mitchell,Royce O'Neale,Rudy Gobert,Jordan Clarkson,Bojan Bogdanovic,Luguentz Dort,Mike Muscala,Darius Bazley,Josh Giddey,Jeremiah Robinson-Earl,2,38,37,0:04:54,0:07:06,0:00:00,191,UTA,free throw,,,,,,,1,,2,Jordan Clarkson,1,,,made,,free throw 1/2,,,,,,Clarkson Free Throw 1 of 2 (11 PTS)
22100276,2021-22 Regular Season,2021-11-24,Donovan Mitchell,Royce O'Neale,Rudy Gobert,Jordan Clarkson,Bojan Bogdanovic,Luguentz Dort,Mike Muscala,Darius Bazley,Josh Giddey,Jeremiah Robinson-Earl,2,38,37,0:04:54,0:07:06,0:00:00,192,UTA,free throw,,,,,,,2,,2,Jordan Clarkson,0,,,missed,,free throw 2/2,,,,,,MISS Clarkson Free Throw 2 of 2
22100276,2021-22 Regular Season,2021-11-24,Donovan Mitchell,Royce O'Neale,Rudy Gobert,Jordan Clarkson,Bojan Bogdanovic,Luguentz Dort,Aaron Wiggins,Darius Bazley,Josh Giddey,Jeremiah Robinson-Earl,2,38,37,0:04:54,0:07:06,0:00:00,193,OKC,substitution,,,,,Aaron Wiggins,Mike Muscala,,,,Mike Muscala,,,,,,sub,,,,,,SUB: Wiggins FOR Muscala
22100276,2021-22 Regular Season,2021-11-24,Donovan Mitchell,Royce O'Neale,Rudy Gobert,Jordan Clarkson,Bojan Bogdanovic,Luguentz Dort,Aaron Wiggins,Darius Bazley,Josh Giddey,Jeremiah Robinson-Earl,2,38,37,0:04:52,0:07:08,0:00:02,194,OKC,rebound,,,,,,,,,,Jeremiah Robinson-Earl,,,,,,rebound defensive,,,,,,Robinson-Earl REBOUND (Off:0 Def:4)
22100276,2021-22 Regular Season,2021-11-24,Donovan Mitchell,Royce O'Neale,Rudy Gobert,Jordan Clarkson,Bojan Bogdanovic,Luguentz Dort,Aaron Wiggins,Darius Bazley,Josh Giddey,Jeremiah Robinson-Earl,2,38,37,0:04:41,0:07:19,0:00:11,195,OKC,shot,,,,Rudy Gobert,,,,,,Darius Bazley,0,,,missed,,layup,1,-4,10,24.6,88.0,MISS Bazley 1' Reverse Layup: Gobert BLOCK (3 BLK)
22100276,2021-22 Regular Season,2021-11-24,Donovan Mitchell,Royce O'Neale,Rudy Gobert,Jordan Clarkson,Bojan Bogdanovic,Luguentz Dort,Aaron Wiggins,Darius Bazley,Josh Giddey,Jeremiah Robinson-Earl,2,38,37,0:04:39,0:07:21,0:00:02,196,UTA,rebound,,,,,,,,,,Rudy Gobert,,,,,,rebound defensive,,,,,,Gobert REBOUND (Off:0 Def:10)
22100276,2021-22 Regular Season,2021-11-24,Donovan Mitchell,Royce O'Neale,Rudy Gobert,Jordan Clarkson,Bojan Bogdanovic,Luguentz Dort,Aaron Wiggins,Darius Bazley,Josh Giddey,Jeremiah Robinson-Earl,2,38,37,0:04:31,0:07:29,0:00:08,197,UTA,turnover,,,,,,,,,,Bojan Bogdanovic,,,bad pass,,Luguentz Dort,bad pass,,,,,,Dort STEAL (1 STL): Bogdanovic Bad Pass Turnover (P1.T4)
22100276,2021-22 Regular Season,2021-11-24,Donovan Mitchell,Royce O'Neale,Rudy Gobert,Jordan Clarkson,Bojan Bogdanovic,Luguentz Dort,Aaron Wiggins,Darius Bazley,Josh Giddey,Jeremiah Robinson-Earl,2,38,37,0:04:27,0:07:33,0:00:04,198,OKC,shot,,,,Royce O'Neale,,,,,,Jeremiah Robinson-Earl,0,,,missed,,layup,10,102,-1,35.2,89.1,MISS Robinson-Earl 10' Running Layup: O'Neale BLOCK (2 BLK)
22100276,2021-22 Regular Season,2021-11-24,Donovan Mitchell,Royce O'Neale,Rudy Gobert,Jordan Clarkson,Bojan Bogdanovic,Luguentz Dort,Aaron Wiggins,Darius Bazley,Josh Giddey,Jeremiah Robinson-Earl,2,38,37,0:04:27,0:07:33,0:00:00,199,OKC,rebound,,,,,,,,,,,,,,,,rebound offensive,,,,,,THUNDER Rebound
22100276,2021-22 Regular Season,2021-11-24,Donovan Mitchell,Royce O'Neale,Rudy Gobert,Jordan Clarkson,Bojan Bogdanovic,Luguentz Dort,Aaron Wiggins,Darius Bazley,Josh Giddey,Jeremiah Robinson-Earl,2,38,37,0:04:26,0:07:34,0:00:01,200,OKC,shot,,,,,,,,,,Aaron Wiggins,0,,,missed,,3pt jump shot,23,-228,-35,2.1999999999999993,92.5,MISS Wiggins 3PT Jump Shot
22100276,2021-22 Regular Season,2021-11-24,Donovan Mitchell,Royce O'Neale,Rudy Gobert,Jordan Clarkson,Bojan Bogdanovic,Luguentz Dort,Aaron Wiggins,Darius Bazley,Josh Giddey,Jeremiah Robinson-Earl,2,38,37,0:04:22,0:07:38,0:00:04,201,UTA,rebound,,,,,,,,,,Jordan Clarkson,,,,,,rebound defensive,,,,,,Clarkson REBOUND (Off:0 Def:2)
22100276,2021-22 Regular Season,2021-11-24,Donovan Mitchell,Royce O'Neale,Rudy Gobert,Jordan Clarkson,Bojan Bogdanovic,Luguentz Dort,Aaron Wiggins,Darius Bazley,Josh Giddey,Jeremiah Robinson-Earl,2,40,37,0:04:15,0:07:45,0:00:07,202,UTA,shot,Jordan Clarkson,,,,,,,,,Rudy Gobert,2,,,made,,dunk,1,2,9,24.8,5.9,Gobert 1' Alley Oop Dunk (2 PTS) (Clarkson 2 AST)
22100276,2021-22 Regular Season,2021-11-24,Donovan Mitchell,Royce O'Neale,Rudy Gobert,Jordan Clarkson,Bojan Bogdanovic,Luguentz Dort,Aaron Wiggins,Darius Bazley,Josh Giddey,Jeremiah Robinson-Earl,2,40,37,0:04:15,0:07:45,0:00:00,203,OKC,timeout,,,,,,,,,,,,,,,,timeout: regular,,,,,,THUNDER Timeout: Regular (Full 3 Short 0)
22100276,2021-22 Regular Season,2021-11-24,Donovan Mitchell,Royce O'Neale,Rudy Gobert,Jordan Clarkson,Bojan Bogdanovic,Luguentz Dort,Aaron Wiggins,Darius Bazley,Josh Giddey,Jeremiah Robinson-Earl,2,40,37,0:04:02,0:07:58,0:00:13,204,OKC,shot,,,,,,,,,,Jeremiah Robinson-Earl,0,,,missed,,cutting layup shot,3,16,20,26.6,87.0,MISS Robinson-Earl 3' Cutting Layup Shot
22100276,2021-22 Regular Season,2021-11-24,Donovan Mitchell,Royce O'Neale,Rudy Gobert,Jordan Clarkson,Bojan Bogdanovic,Luguentz Dort,Aaron Wiggins,Darius Bazley,Josh Giddey,Jeremiah Robinson-Earl,2,40,37,0:04:01,0:07:59,0:00:01,205,UTA,rebound,,,,,,,,,,Bojan Bogdanovic,,,,,,rebound defensive,,,,,,Bogdanovic REBOUND (Off:0 Def:2)
22100276,2021-22 Regular Season,2021-11-24,Donovan Mitchell,Royce O'Neale,Rudy Gobert,Jordan Clarkson,Bojan Bogdanovic,Luguentz Dort,Aaron Wiggins,Darius Bazley,Josh Giddey,Jeremiah Robinson-Earl,2,40,37,0:03:46,0:08:14,0:00:15,206,OKC,foul,,,,,,,,Bojan Bogdanovic,,Josh Giddey,,,s.foul,,,shooting,,,,,,Giddey S.FOUL (P1.PN) (M.Davis)
22100276,2021-22 Regular Season,2021-11-24,Donovan Mitchell,Royce O'Neale,Rudy Gobert,Jordan Clarkson,Bojan Bogdanovic,Luguentz Dort,Aaron Wiggins,Darius Bazley,Josh Giddey,Jeremiah Robinson-Earl,2,41,37,0:03:46,0:08:14,0:00:00,207,UTA,free throw,,,,,,,1,,2,Bojan Bogdanovic,1,,,made,,free throw 1/2,,,,,,Bogdanovic Free Throw 1 of 2 (6 PTS)
22100276,2021-22 Regular Season,2021-11-24,Donovan Mitchell,Royce O'Neale,Rudy Gobert,Jordan Clarkson,Bojan Bogdanovic,Luguentz Dort,Aaron Wiggins,Darius Bazley,Josh Giddey,Jeremiah Robinson-Earl,2,42,37,0:03:46,0:08:14,0:00:00,208,UTA,free throw,,,,,,,2,,2,Bojan Bogdanovic,1,,,made,,free throw 2/2,,,,,,Bogdanovic Free Throw 2 of 2 (7 PTS)
22100276,2021-22 Regular Season,2021-11-24,Donovan Mitchell,Royce O'Neale,Rudy Gobert,Jordan Clarkson,Bojan Bogdanovic,Luguentz Dort,Aaron Wiggins,Darius Bazley,Josh Giddey,Jeremiah Robinson-Earl,2,42,40,0:03:32,0:08:28,0:00:14,209,OKC,shot,Josh Giddey,,,,,,,,,Jeremiah Robinson-Earl,3,,,made,,3pt jump shot,26,2,260,25.2,63.0,Robinson-Earl 26' 3PT Jump Shot (5 PTS) (Giddey 5 AST)
22100276,2021-22 Regular Season,2021-11-24,Donovan Mitchell,Royce O'Neale,Rudy Gobert,Jordan Clarkson,Bojan Bogdanovic,Luguentz Dort,Aaron Wiggins,Darius Bazley,Josh Giddey,Jeremiah Robinson-Earl,2,42,40,0:03:11,0:08:49,0:00:21,210,UTA,shot,,,,,,,,,,Donovan Mitchell,0,,,missed,,3pt jump shot,25,-125,221,37.5,27.1,MISS Mitchell 25' 3PT Jump Shot
22100276,2021-22 Regular Season,2021-11-24,Donovan Mitchell,Royce O'Neale,Rudy Gobert,Jordan Clarkson,Bojan Bogdanovic,Luguentz Dort,Aaron Wiggins,Darius Bazley,Josh Giddey,Jeremiah Robinson-Earl,2,42,40,0:03:10,0:08:50,0:00:01,211,OKC,rebound,,,,,,,,,,,,,,,,rebound defensive,,,,,,THUNDER Rebound
22100276,2021-22 Regular Season,2021-11-24,Donovan Mitchell,Royce O'Neale,Rudy Gobert,Mike Conley,Bojan Bogdanovic,Luguentz Dort,Aaron Wiggins,Darius Bazley,Josh Giddey,Jeremiah Robinson-Earl,2,42,40,0:03:10,0:08:50,0:00:00,212,UTA,substitution,,,,,Mike Conley,Jordan Clarkson,,,,Jordan Clarkson,,,,,,sub,,,,,,SUB: Conley FOR Clarkson
22100276,2021-22 Regular Season,2021-11-24,Donovan Mitchell,Royce O'Neale,Rudy Gobert,Mike Conley,Bojan Bogdanovic,Luguentz Dort,Aaron Wiggins,Darius Bazley,Josh Giddey,Jeremiah Robinson-Earl,2,42,43,0:02:59,0:09:01,0:00:11,213,OKC,shot,Jeremiah Robinson-Earl,,,,,,,,,Luguentz Dort,3,,,made,,3pt pullup jump shot,27,-34,267,21.6,62.3,Dort 27' 3PT Pullup Jump Shot (13 PTS) (Robinson-Earl 2 AST)
22100276,2021-22 Regular Season,2021-11-24,Donovan Mitchell,Royce O'Neale,Rudy Gobert,Mike Conley,Bojan Bogdanovic,Luguentz Dort,Aaron Wiggins,Darius Bazley,Josh Giddey,Jeremiah Robinson-Earl,2,42,43,0:02:32,0:09:28,0:00:27,214,UTA,shot,,,,,,,,,,Donovan Mitchell,0,,,missed,,jump shot,17,-115,124,36.5,17.4,MISS Mitchell 17' Pullup Jump Shot
22100276,2021-22 Regular Season,2021-11-24,Donovan Mitchell,Royce O'Neale,Rudy Gobert,Mike Conley,Bojan Bogdanovic,Luguentz Dort,Aaron Wiggins,Darius Bazley,Josh Giddey,Jeremiah Robinson-Earl,2,42,43,0:02:28,0:09:32,0:00:04,215,OKC,rebound,,,,,,,,,,Jeremiah Robinson-Earl,,,,,,rebound defensive,,,,,,Robinson-Earl REBOUND (Off:0 Def:5)
22100276,2021-22 Regular Season,2021-11-24,Donovan Mitchell,Royce O'Neale,Rudy Gobert,Mike Conley,Bojan Bogdanovic,Luguentz Dort,Aaron Wiggins,Darius Bazley,Josh Giddey,Jeremiah Robinson-Earl,2,42,43,0:02:21,0:09:39,0:00:07,216,OKC,turnover,,,,,,,,,,Josh Giddey,,,bad pass,,Donovan Mitchell,bad pass,,,,,,Giddey Bad Pass Turnover (P2.T5): Mitchell STEAL (1 STL)
22100276,2021-22 Regular Season,2021-11-24,Donovan Mitchell,Royce O'Neale,Rudy Gobert,Mike Conley,Bojan Bogdanovic,Luguentz Dort,Aaron Wiggins,Darius Bazley,Josh Giddey,Jeremiah Robinson-Earl,2,42,43,0:02:16,0:09:44,0:00:05,217,UTA,turnover,,,,,,,,,,Bojan Bogdanovic,,,bad pass,,Aaron Wiggins,bad pass,,,,,,Wiggins STEAL (1 STL): Bogdanovic Bad Pass Turnover (P2.T5)
22100276,2021-22 Regular Season,2021-11-24,Donovan Mitchell,Royce O'Neale,Rudy Gobert,Mike Conley,Bojan Bogdanovic,Luguentz Dort,Aaron Wiggins,Darius Bazley,Josh Giddey,Jeremiah Robinson-Earl,2,42,43,0:02:08,0:09:52,0:00:08,218,OKC,shot,,,,,,,,,,Darius Bazley,0,,,missed,,layup,2,12,16,26.2,87.4,MISS Bazley 2' Layup
22100276,2021-22 Regular Season,2021-11-24,Donovan Mitchell,Royce O'Neale,Rudy Gobert,Mike Conley,Bojan Bogdanovic,Luguentz Dort,Aaron Wiggins,Darius Bazley,Josh Giddey,Jeremiah Robinson-Earl,2,42,43,0:02:06,0:09:54,0:00:02,219,UTA,rebound,,,,,,,,,,Royce O'Neale,,,,,,rebound defensive,,,,,,O'Neale REBOUND (Off:0 Def:4)
22100276,2021-22 Regular Season,2021-11-24,Donovan Mitchell,Royce O'Neale,Rudy Gobert,Mike Conley,Bojan Bogdanovic,Luguentz Dort,Aaron Wiggins,Darius Bazley,Josh Giddey,Jeremiah Robinson-Earl,2,42,43,0:02:00,0:10:00,0:00:06,220,UTA,shot,,,,,,,,,,Bojan Bogdanovic,0,,,missed,,3pt jump shot,24,234,27,1.5999999999999979,7.7,MISS Bogdanovic 24' 3PT Jump Shot
22100276,2021-22 Regular Season,2021-11-24,Donovan Mitchell,Royce O'Neale,Rudy Gobert,Mike Conley,Bojan Bogdanovic,Luguentz Dort,Aaron Wiggins,Darius Bazley,Josh Giddey,Jeremiah Robinson-Earl,2,42,43,0:01:58,0:10:02,0:00:02,221,OKC,rebound,,,,,,,,,,Darius Bazley,,,,,,rebound defensive,,,,,,Bazley REBOUND (Off:1 Def:6)
22100276,2021-22 Regular Season,2021-11-24,Donovan Mitchell,Royce O'Neale,Rudy Gobert,Mike Conley,Bojan Bogdanovic,Luguentz Dort,Aaron Wiggins,Darius Bazley,Josh Giddey,Jeremiah Robinson-Earl,2,42,43,0:01:54,0:10:06,0:00:04,222,UTA,foul,,,,,,,,Darius Bazley,,Royce O'Neale,,,s.foul,,,shooting,,,,,,O'Neale S.FOUL (P1.T4) (M.Kogut)
22100276,2021-22 Regular Season,2021-11-24,Donovan Mitchell,Royce O'Neale,Rudy Gobert,Mike Conley,Bojan Bogdanovic,Luguentz Dort,Aaron Wiggins,Darius Bazley,Josh Giddey,Jeremiah Robinson-Earl,2,42,43,0:01:54,0:10:06,0:00:00,223,OKC,free throw,,,,,,,1,,2,Darius Bazley,0,,,missed,,free throw 1/2,,,,,,MISS Bazley Free Throw 1 of 2
22100276,2021-22 Regular Season,2021-11-24,Donovan Mitchell,Royce O'Neale,Rudy Gobert,Mike Conley,Bojan Bogdanovic,Luguentz Dort,Aaron Wiggins,Darius Bazley,Josh Giddey,Jeremiah Robinson-Earl,2,42,43,0:01:54,0:10:06,0:00:00,224,OKC,rebound,,,,,,,,,,,,,,,,team rebound,,,,,,THUNDER Rebound
22100276,2021-22 Regular Season,2021-11-24,Donovan Mitchell,Joe Ingles,Rudy Gobert,Mike Conley,Bojan Bogdanovic,Luguentz Dort,Aaron Wiggins,Darius Bazley,Josh Giddey,Jeremiah Robinson-Earl,2,42,43,0:01:54,0:10:06,0:00:00,225,UTA,substitution,,,,,Joe Ingles,Royce O'Neale,,,,Royce O'Neale,,,,,,sub,,,,,,SUB: Ingles FOR O'Neale
22100276,2021-22 Regular Season,2021-11-24,Donovan Mitchell,Royce O'Neale,Rudy Gobert,Mike Conley,Bojan Bogdanovic,Luguentz Dort,Aaron Wiggins,Darius Bazley,Josh Giddey,Jeremiah Robinson-Earl,2,42,44,0:01:54,0:10:06,0:00:00,226,OKC,free throw,,,,,,,2,,2,Darius Bazley,1,,,made,,free throw 2/2,,,,,,Bazley Free Throw 2 of 2 (4 PTS)
22100276,2021-22 Regular Season,2021-11-24,Donovan Mitchell,Joe Ingles,Rudy Gobert,Mike Conley,Bojan Bogdanovic,Luguentz Dort,Aaron Wiggins,Darius Bazley,Josh Giddey,Jeremiah Robinson-Earl,2,42,44,0:01:47,0:10:13,0:00:07,227,OKC,foul,,,,,,,,Rudy Gobert,,Aaron Wiggins,,,p.foul,,,personal,,,,,,Wiggins P.FOUL (P2.PN) (B.Schwab)
22100276,2021-22 Regular Season,2021-11-24,Donovan Mitchell,Joe Ingles,Rudy Gobert,Mike Conley,Bojan Bogdanovic,Luguentz Dort,Aaron Wiggins,Darius Bazley,Josh Giddey,Jeremiah Robinson-Earl,2,43,44,0:01:47,0:10:13,0:00:00,228,UTA,free throw,,,,,,,1,,2,Rudy Gobert,1,,,made,,free throw 1/2,,,,,,Gobert Free Throw 1 of 2 (3 PTS)
22100276,2021-22 Regular Season,2021-11-24,Donovan Mitchell,Royce O'Neale,Rudy Gobert,Mike Conley,Bojan Bogdanovic,Luguentz Dort,Aaron Wiggins,Darius Bazley,Josh Giddey,Jeremiah Robinson-Earl,2,43,44,0:01:47,0:10:13,0:00:00,229,UTA,substitution,,,,,Royce O'Neale,Joe Ingles,,,,Joe Ingles,,,,,,sub,,,,,,SUB: O'Neale FOR Ingles
22100276,2021-22 Regular Season,2021-11-24,Donovan Mitchell,Joe Ingles,Rudy Gobert,Mike Conley,Bojan Bogdanovic,Luguentz Dort,Aaron Wiggins,Darius Bazley,Josh Giddey,Jeremiah Robinson-Earl,2,44,44,0:01:47,0:10:13,0:00:00,230,UTA,free throw,,,,,,,2,,2,Rudy Gobert,1,,,made,,free throw 2/2,,,,,,Gobert Free Throw 2 of 2 (4 PTS)
22100276,2021-22 Regular Season,2021-11-24,Donovan Mitchell,Royce O'Neale,Rudy Gobert,Mike Conley,Bojan Bogdanovic,Luguentz Dort,Aaron Wiggins,Darius Bazley,Josh Giddey,Jeremiah Robinson-Earl,2,44,46,0:01:27,0:10:33,0:00:20,231,OKC,shot,,,,,,,,,,Darius Bazley,2,,,made,,turnaround fadeaway,11,28,102,27.8,78.8,Bazley 11' Turnaround Fadeaway (6 PTS)
22100276,2021-22 Regular Season,2021-11-24,Donovan Mitchell,Royce O'Neale,Rudy Gobert,Mike Conley,Bojan Bogdanovic,Luguentz Dort,Aaron Wiggins,Darius Bazley,Josh Giddey,Jeremiah Robinson-Earl,2,44,46,0:01:03,0:10:57,0:00:24,232,UTA,shot,,,,,,,,,,Donovan Mitchell,0,,,missed,,3pt step back jump shot,22,-222,-5,47.2,4.5,MISS Mitchell 3PT Step Back Jump Shot
22100276,2021-22 Regular Season,2021-11-24,Donovan Mitchell,Royce O'Neale,Rudy Gobert,Mike Conley,Bojan Bogdanovic,Luguentz Dort,Aaron Wiggins,Darius Bazley,Josh Giddey,Jeremiah Robinson-Earl,2,44,46,0:00:59,0:11:01,0:00:04,233,OKC,rebound,,,,,,,,,,Jeremiah Robinson-Earl,,,,,,rebound defensive,,,,,,Robinson-Earl REBOUND (Off:0 Def:6)
22100276,2021-22 Regular Season,2021-11-24,Donovan Mitchell,Royce O'Neale,Rudy Gobert,Mike Conley,Bojan Bogdanovic,Luguentz Dort,Aaron Wiggins,Darius Bazley,Josh Giddey,Jeremiah Robinson-Earl,2,44,46,0:00:49,0:11:11,0:00:10,234,OKC,turnover,,,,,,,,,,Josh Giddey,,,bad pass,,Mike Conley,bad pass,,,,,,Giddey Bad Pass Turnover (P3.T6): Conley STEAL (1 STL)
22100276,2021-22 Regular Season,2021-11-24,Donovan Mitchell,Royce O'Neale,Rudy Gobert,Mike Conley,Bojan Bogdanovic,Luguentz Dort,Aaron Wiggins,Darius Bazley,Josh Giddey,Jeremiah Robinson-Earl,2,47,46,0:00:43,0:11:17,0:00:06,235,UTA,shot,Royce O'Neale,,,,,,,,,Donovan Mitchell,3,,,made,,3pt jump shot,23,-228,-27,47.8,2.3,Mitchell 3PT Jump Shot (5 PTS) (O'Neale 1 AST)
22100276,2021-22 Regular Season,2021-11-24,Donovan Mitchell,Royce O'Neale,Rudy Gobert,Mike Conley,Bojan Bogdanovic,Luguentz Dort,Aaron Wiggins,Darius Bazley,Josh Giddey,Jeremiah Robinson-Earl,2,47,49,0:00:30,0:11:30,0:00:13,236,OKC,shot,Josh Giddey,,,,,,,,,Jeremiah Robinson-Earl,3,,,made,,3pt jump shot,23,229,6,47.900000000000006,88.4,Robinson-Earl 3PT Jump Shot (8 PTS) (Giddey 6 AST)
22100276,2021-22 Regular Season,2021-11-24,Donovan Mitchell,Royce O'Neale,Rudy Gobert,Mike Conley,Bojan Bogdanovic,Luguentz Dort,Aaron Wiggins,Darius Bazley,Josh Giddey,Jeremiah Robinson-Earl,2,49,49,0:00:06,0:11:54,0:00:24,237,UTA,shot,,,,,,,,,,Donovan Mitchell,2,,,made,,driving floating jump shot,11,69,88,18.1,13.8,Mitchell 11' Driving Floating Jump Shot (7 PTS)
22100276,2021-22 Regular Season,2021-11-24,Donovan Mitchell,Royce O'Neale,Rudy Gobert,Mike Conley,Bojan Bogdanovic,Luguentz Dort,Aaron Wiggins,Darius Bazley,Josh Giddey,Jeremiah Robinson-Earl,2,49,52,0:00:00,0:12:00,0:00:06,238,OKC,shot,,,,,,,,,,Josh Giddey,3,,,made,,3pt pullup jump shot,25,-161,197,8.899999999999999,69.3,Giddey 25' 3PT Pullup Jump Shot (9 PTS)
22100276,2021-22 Regular Season,2021-11-24,Donovan Mitchell,Royce O'Neale,Rudy Gobert,Mike Conley,Bojan Bogdanovic,Luguentz Dort,Aaron Wiggins,Darius Bazley,Josh Giddey,Jeremiah Robinson-Earl,2,49,52,0:00:00,0:12:00,0:00:00,239,,,,,,,,,,,,,,,,,,unknown,,,,,,
22100276,2021-22 Regular Season,2021-11-24,Donovan Mitchell,Royce O'Neale,Rudy Gobert,Mike Conley,Bojan Bogdanovic,Luguentz Dort,Aaron Wiggins,Darius Bazley,Josh Giddey,Jeremiah Robinson-Earl,2,49,52,0:00:00,0:12:00,0:00:00,240,,end of period,,,,,,,,,,,,,,,,end of period,,,,,,
22100276,2021-22 Regular Season,2021-11-24,Mike Conley,Bojan Bogdanovic,Rudy Gobert,Donovan Mitchell,Royce O'Neale,Jeremiah Robinson-Earl,Luguentz Dort,Josh Giddey,Aaron Wiggins,Darius Bazley,3,49,52,0:12:00,0:00:00,0:00:00,241,,start of period,,,,,,,,,,,,,,,,start of period,,,,,,
22100276,2021-22 Regular Season,2021-11-24,Mike Conley,Bojan Bogdanovic,Rudy Gobert,Donovan Mitchell,Royce O'Neale,Jeremiah Robinson-Earl,Luguentz Dort,Josh Giddey,Aaron Wiggins,Darius Bazley,3,49,54,0:11:42,0:00:18,0:00:18,242,OKC,shot,Luguentz Dort,,,,,,,,,Jeremiah Robinson-Earl,2,,,made,,layup,1,10,-8,26.0,89.8,Robinson-Earl 1' Reverse Layup (10 PTS) (Dort 1 AST)
22100276,2021-22 Regular Season,2021-11-24,Mike Conley,Bojan Bogdanovic,Rudy Gobert,Donovan Mitchell,Royce O'Neale,Jeremiah Robinson-Earl,Luguentz Dort,Josh Giddey,Aaron Wiggins,Darius Bazley,3,49,54,0:11:27,0:00:33,0:00:15,243,UTA,shot,,,,,,,,,,Mike Conley,0,,,missed,,3pt pullup jump shot,27,38,265,21.2,31.5,MISS Conley 27' 3PT Pullup Jump Shot
22100276,2021-22 Regular Season,2021-11-24,Mike Conley,Bojan Bogdanovic,Rudy Gobert,Donovan Mitchell,Royce O'Neale,Jeremiah Robinson-Earl,Luguentz Dort,Josh Giddey,Aaron Wiggins,Darius Bazley,3,49,54,0:11:24,0:00:36,0:00:03,244,OKC,rebound,,,,,,,,,,Jeremiah Robinson-Earl,,,,,,rebound defensive,,,,,,Robinson-Earl REBOUND (Off:0 Def:7)
22100276,2021-22 Regular Season,2021-11-24,Mike Conley,Bojan Bogdanovic,Rudy Gobert,Donovan Mitchell,Royce O'Neale,Jeremiah Robinson-Earl,Luguentz Dort,Josh Giddey,Aaron Wiggins,Darius Bazley,3,49,54,0:11:03,0:00:57,0:00:21,245,OKC,shot,,,,,,,,,,Luguentz Dort,0,,,missed,,jump shot,17,72,157,32.2,73.3,MISS Dort 17' Pullup Jump Shot
22100276,2021-22 Regular Season,2021-11-24,Mike Conley,Bojan Bogdanovic,Rudy Gobert,Donovan Mitchell,Royce O'Neale,Jeremiah Robinson-Earl,Luguentz Dort,Josh Giddey,Aaron Wiggins,Darius Bazley,3,49,54,0:11:02,0:00:58,0:00:01,246,OKC,rebound,,,,,,,,,,,,,,,,team rebound,,,,,,THUNDER Rebound
22100276,2021-22 Regular Season,2021-11-24,Mike Conley,Bojan Bogdanovic,Rudy Gobert,Donovan Mitchell,Royce O'Neale,Jeremiah Robinson-Earl,Luguentz Dort,Josh Giddey,Aaron Wiggins,Darius Bazley,3,49,54,0:11:02,0:00:58,0:00:00,247,OKC,turnover,,,,,,,,,,,,,,,,shot clock,,,,,,THUNDER Turnover: Shot Clock (T#7)
22100276,2021-22 Regular Season,2021-11-24,Mike Conley,Bojan Bogdanovic,Rudy Gobert,Donovan Mitchell,Royce O'Neale,Jeremiah Robinson-Earl,Luguentz Dort,Josh Giddey,Aaron Wiggins,Darius Bazley,3,51,54,0:10:46,0:01:14,0:00:16,248,UTA,shot,,,,,,,,,,Bojan Bogdanovic,2,,,made,,jump shot,10,72,69,17.8,11.9,Bogdanovic 10' Pullup Jump Shot (9 PTS)
22100276,2021-22 Regular Season,2021-11-24,Mike Conley,Bojan Bogdanovic,Rudy Gobert,Donovan Mitchell,Royce O'Neale,Jeremiah Robinson-Earl,Luguentz Dort,Josh Giddey,Aaron Wiggins,Darius Bazley,3,51,54,0:10:32,0:01:28,0:00:14,249,OKC,shot,,,,Rudy Gobert,,,,,,Josh Giddey,0,,,missed,,driving layup,4,-37,1,21.3,88.9,MISS Giddey 4' Driving Layup: Gobert BLOCK (4 BLK)
22100276,2021-22 Regular Season,2021-11-24,Mike Conley,Bojan Bogdanovic,Rudy Gobert,Donovan Mitchell,Royce O'Neale,Jeremiah Robinson-Earl,Luguentz Dort,Josh Giddey,Aaron Wiggins,Darius Bazley,3,51,54,0:10:30,0:01:30,0:00:02,250,UTA,rebound,,,,,,,,,,Bojan Bogdanovic,,,,,,rebound defensive,,,,,,Bogdanovic REBOUND (Off:0 Def:3)
22100276,2021-22 Regular Season,2021-11-24,Mike Conley,Bojan Bogdanovic,Rudy Gobert,Donovan Mitchell,Royce O'Neale,Jeremiah Robinson-Earl,Luguentz Dort,Josh Giddey,Aaron Wiggins,Darius Bazley,3,53,54,0:10:26,0:01:34,0:00:04,251,UTA,shot,Donovan Mitchell,,,,,,,,,Mike Conley,2,,,made,,driving layup,2,-9,12,25.9,6.2,Conley 2' Driving Layup (8 PTS) (Mitchell 3 AST)
22100276,2021-22 Regular Season,2021-11-24,Mike Conley,Bojan Bogdanovic,Rudy Gobert,Donovan Mitchell,Royce O'Neale,Jeremiah Robinson-Earl,Luguentz Dort,Josh Giddey,Aaron Wiggins,Darius Bazley,3,53,54,0:10:15,0:01:45,0:00:11,252,OKC,turnover,,,,,,,,,,Aaron Wiggins,,,bad pass,,Royce O'Neale,bad pass,,,,,,Wiggins Bad Pass Turnover (P1.T8): O'Neale STEAL (4 STL)
22100276,2021-22 Regular Season,2021-11-24,Mike Conley,Bojan Bogdanovic,Rudy Gobert,Donovan Mitchell,Royce O'Neale,Jeremiah Robinson-Earl,Luguentz Dort,Josh Giddey,Aaron Wiggins,Darius Bazley,3,55,54,0:10:12,0:01:48,0:00:03,253,UTA,shot,,,,,,,,,,Royce O'Neale,2,,,made,,layup,3,6,25,24.4,7.5,O'Neale 3' Running Layup (2 PTS)
22100276,2021-22 Regular Season,2021-11-24,Mike Conley,Bojan Bogdanovic,Rudy Gobert,Donovan Mitchell,Royce O'Neale,Jeremiah Robinson-Earl,Luguentz Dort,Josh Giddey,Aaron Wiggins,Darius Bazley,3,55,56,0:09:51,0:02:09,0:00:21,254,OKC,shot,,,,,,,,,,Darius Bazley,2,,,made,,layup,4,43,-10,29.3,90.0,Bazley 4' Finger Roll Layup (8 PTS)
22100276,2021-22 Regular Season,2021-11-24,Mike Conley,Bojan Bogdanovic,Rudy Gobert,Donovan Mitchell,Royce O'Neale,Jeremiah Robinson-Earl,Luguentz Dort,Josh Giddey,Aaron Wiggins,Darius Bazley,3,58,56,0:09:36,0:02:24,0:00:15,255,UTA,shot,Donovan Mitchell,,,,,,,,,Bojan Bogdanovic,3,,,made,,3pt jump shot,22,-221,13,47.1,6.3,Bogdanovic 3PT Jump Shot (12 PTS) (Mitchell 4 AST)
22100276,2021-22 Regular Season,2021-11-24,Mike Conley,Bojan Bogdanovic,Rudy Gobert,Donovan Mitchell,Royce O'Neale,Jeremiah Robinson-Earl,Luguentz Dort,Josh Giddey,Aaron Wiggins,Darius Bazley,3,58,56,0:09:21,0:02:39,0:00:15,256,OKC,shot,,,,,,,,,,Luguentz Dort,0,,,missed,,3pt step back jump shot,26,-173,192,7.699999999999999,69.8,MISS Dort 26' 3PT Step Back Jump Shot
22100276,2021-22 Regular Season,2021-11-24,Mike Conley,Bojan Bogdanovic,Rudy Gobert,Donovan Mitchell,Royce O'Neale,Jeremiah Robinson-Earl,Luguentz Dort,Josh Giddey,Aaron Wiggins,Darius Bazley,3,58,56,0:09:18,0:02:42,0:00:03,257,UTA,rebound,,,,,,,,,,Bojan Bogdanovic,,,,,,rebound defensive,,,,,,Bogdanovic REBOUND (Off:0 Def:4)
22100276,2021-22 Regular Season,2021-11-24,Mike Conley,Bojan Bogdanovic,Rudy Gobert,Donovan Mitchell,Royce O'Neale,Jeremiah Robinson-Earl,Luguentz Dort,Josh Giddey,Aaron Wiggins,Darius Bazley,3,58,56,0:09:12,0:02:48,0:00:06,258,OKC,foul,,,,,,,,Bojan Bogdanovic,,Jeremiah Robinson-Earl,,,s.foul,,,shooting,,,,,,Robinson-Earl S.FOUL (P2.T1) (M.Davis)
22100276,2021-22 Regular Season,2021-11-24,Mike Conley,Bojan Bogdanovic,Rudy Gobert,Donovan Mitchell,Royce O'Neale,Jeremiah Robinson-Earl,Luguentz Dort,Josh Giddey,Aaron Wiggins,Darius Bazley,3,59,56,0:09:12,0:02:48,0:00:00,259,UTA,free throw,,,,,,,1,,2,Bojan Bogdanovic,1,,,made,,free throw 1/2,,,,,,Bogdanovic Free Throw 1 of 2 (13 PTS)
22100276,2021-22 Regular Season,2021-11-24,Mike Conley,Bojan Bogdanovic,Rudy Gobert,Donovan Mitchell,Royce O'Neale,Jeremiah Robinson-Earl,Luguentz Dort,Josh Giddey,Aaron Wiggins,Darius Bazley,3,60,56,0:09:12,0:02:48,0:00:00,260,UTA,free throw,,,,,,,2,,2,Bojan Bogdanovic,1,,,made,,free throw 2/2,,,,,,Bogdanovic Free Throw 2 of 2 (14 PTS)
22100276,2021-22 Regular Season,2021-11-24,Mike Conley,Bojan Bogdanovic,Rudy Gobert,Donovan Mitchell,Royce O'Neale,Jeremiah Robinson-Earl,Luguentz Dort,Josh Giddey,Aaron Wiggins,Darius Bazley,3,60,56,0:08:59,0:03:01,0:00:13,261,OKC,turnover,,,,,,,,,,Josh Giddey,,,,,Royce O'Neale,lost ball,,,,,,Giddey Lost Ball Turnover (P4.T9): O'Neale STEAL (5 STL)
22100276,2021-22 Regular Season,2021-11-24,Mike Conley,Bojan Bogdanovic,Rudy Gobert,Donovan Mitchell,Royce O'Neale,Jeremiah Robinson-Earl,Luguentz Dort,Josh Giddey,Aaron Wiggins,Darius Bazley,3,63,56,0:08:53,0:03:07,0:00:06,262,UTA,shot,,,,,,,,,,Mike Conley,3,,,made,,3pt running pull-up jump shot,26,-195,167,44.5,21.7,Conley 26' 3PT Running Pull-Up Jump Shot (11 PTS)
22100276,2021-22 Regular Season,2021-11-24,Mike Conley,Bojan Bogdanovic,Rudy Gobert,Donovan Mitchell,Royce O'Neale,Jeremiah Robinson-Earl,Luguentz Dort,Josh Giddey,Aaron Wiggins,Darius Bazley,3,63,56,0:08:53,0:03:07,0:00:00,263,OKC,timeout,,,,,,,,,,,,,,,,timeout: regular,,,,,,THUNDER Timeout: Regular (Full 4 Short 0)
22100276,2021-22 Regular Season,2021-11-24,Mike Conley,Bojan Bogdanovic,Rudy Gobert,Donovan Mitchell,Royce O'Neale,Jeremiah Robinson-Earl,Luguentz Dort,Josh Giddey,Aaron Wiggins,Darius Bazley,3,63,58,0:08:37,0:03:23,0:00:16,264,OKC,shot,Jeremiah Robinson-Earl,,,,,,,,,Luguentz Dort,2,,,made,,driving layup,2,17,13,26.7,87.7,Dort 2' Driving Layup (15 PTS) (Robinson-Earl 3 AST)
22100276,2021-22 Regular Season,2021-11-24,Mike Conley,Bojan Bogdanovic,Rudy Gobert,Donovan Mitchell,Royce O'Neale,Jeremiah Robinson-Earl,Luguentz Dort,Josh Giddey,Aaron Wiggins,Darius Bazley,3,63,58,0:08:25,0:03:35,0:00:12,265,UTA,shot,,,,Darius Bazley,,,,,,Rudy Gobert,0,,,missed,,dunk,3,-18,22,26.8,7.2,Bazley BLOCK (3 BLK): MISS Gobert 3' Dunk
22100276,2021-22 Regular Season,2021-11-24,Mike Conley,Bojan Bogdanovic,Rudy Gobert,Donovan Mitchell,Royce O'Neale,Jeremiah Robinson-Earl,Luguentz Dort,Josh Giddey,Aaron Wiggins,Darius Bazley,3,63,58,0:08:22,0:03:38,0:00:03,266,OKC,rebound,,,,,,,,,,Jeremiah Robinson-Earl,,,,,,rebound defensive,,,,,,Robinson-Earl REBOUND (Off:0 Def:8)
22100276,2021-22 Regular Season,2021-11-24,Mike Conley,Bojan Bogdanovic,Rudy Gobert,Donovan Mitchell,Royce O'Neale,Jeremiah Robinson-Earl,Luguentz Dort,Josh Giddey,Aaron Wiggins,Darius Bazley,3,63,58,0:08:20,0:03:40,0:00:02,267,UTA,foul,,,,,,,,Josh Giddey,,Royce O'Neale,,,p.foul,,,personal,,,,,,O'Neale P.FOUL (P2.T1) (M.Kogut)
22100276,2021-22 Regular Season,2021-11-24,Mike Conley,Bojan Bogdanovic,Rudy Gobert,Donovan Mitchell,Royce O'Neale,Jeremiah Robinson-Earl,Luguentz Dort,Josh Giddey,Aaron Wiggins,Darius Bazley,3,63,61,0:08:13,0:03:47,0:00:07,268,OKC,shot,Luguentz Dort,,,,,,,,,Jeremiah Robinson-Earl,3,,,made,,3pt jump shot,25,-148,198,10.2,69.2,Robinson-Earl 25' 3PT Jump Shot (13 PTS) (Dort 2 AST)
22100276,2021-22 Regular Season,2021-11-24,Mike Conley,Bojan Bogdanovic,Rudy Gobert,Donovan Mitchell,Royce O'Neale,Jeremiah Robinson-Earl,Luguentz Dort,Josh Giddey,Aaron Wiggins,Darius Bazley,3,63,61,0:07:57,0:04:03,0:00:16,269,UTA,shot,,,,,,,,,,Bojan Bogdanovic,0,,,missed,,3pt jump shot,23,232,0,1.7999999999999972,5.0,MISS Bogdanovic 3PT Jump Shot
22100276,2021-22 Regular Season,2021-11-24,Mike Conley,Bojan Bogdanovic,Rudy Gobert,Donovan Mitchell,Royce O'Neale,Jeremiah Robinson-Earl,Luguentz Dort,Josh Giddey,Aaron Wiggins,Darius Bazley,3,63,61,0:07:54,0:04:06,0:00:03,270,OKC,rebound,,,,,,,,,,Josh Giddey,,,,,,rebound defensive,,,,,,Giddey REBOUND (Off:0 Def:4)
22100276,2021-22 Regular Season,2021-11-24,Mike Conley,Bojan Bogdanovic,Rudy Gobert,Donovan Mitchell,Royce O'Neale,Jeremiah Robinson-Earl,Luguentz Dort,Josh Giddey,Aaron Wiggins,Darius Bazley,3,63,64,0:07:44,0:04:16,0:00:10,271,OKC,shot,Jeremiah Robinson-Earl,,,,,,,,,Luguentz Dort,3,,,made,,3pt pullup jump shot,26,94,237,34.4,65.3,Dort 25' 3PT Pullup Jump Shot (18 PTS) (Robinson-Earl 4 AST)
22100276,2021-22 Regular Season,2021-11-24,Mike Conley,Bojan Bogdanovic,Rudy Gobert,Donovan Mitchell,Royce O'Neale,Jeremiah Robinson-Earl,Luguentz Dort,Josh Giddey,Aaron Wiggins,Darius Bazley,3,63,64,0:07:34,0:04:26,0:00:10,272,UTA,shot,,,,,,,,,,Royce O'Neale,0,,,missed,,3pt jump shot,26,109,238,14.1,28.8,MISS O'Neale 26' 3PT Jump Shot
22100276,2021-22 Regular Season,2021-11-24,Mike Conley,Bojan Bogdanovic,Rudy Gobert,Donovan Mitchell,Royce O'Neale,Jeremiah Robinson-Earl,Luguentz Dort,Josh Giddey,Aaron Wiggins,Darius Bazley,3,63,64,0:07:30,0:04:30,0:00:04,273,UTA,rebound,,,,,,,,,,Rudy Gobert,,,,,,rebound offensive,,,,,,Gobert REBOUND (Off:1 Def:10)
22100276,2021-22 Regular Season,2021-11-24,Mike Conley,Bojan Bogdanovic,Rudy Gobert,Donovan Mitchell,Royce O'Neale,Jeremiah Robinson-Earl,Luguentz Dort,Josh Giddey,Aaron Wiggins,Darius Bazley,3,65,64,0:07:30,0:04:30,0:00:00,274,UTA,shot,,,,,,,,,,Rudy Gobert,2,,,made,,dunk,2,2,18,24.8,6.8,Gobert 2' Putback Dunk (6 PTS)
22100276,2021-22 Regular Season,2021-11-24,Mike Conley,Bojan Bogdanovic,Rudy Gobert,Donovan Mitchell,Royce O'Neale,Jeremiah Robinson-Earl,Luguentz Dort,Josh Giddey,Aaron Wiggins,Darius Bazley,3,65,66,0:07:07,0:04:53,0:00:23,275,OKC,shot,Aaron Wiggins,,,,,,,,,Luguentz Dort,2,,,made,,driving layup,2,16,19,26.6,87.1,Dort 2' Driving Layup (20 PTS) (Wiggins 1 AST)
22100276,2021-22 Regular Season,2021-11-24,Mike Conley,Bojan Bogdanovic,Rudy Gobert,Donovan Mitchell,Royce O'Neale,Jeremiah Robinson-Earl,Luguentz Dort,Josh Giddey,Aaron Wiggins,Darius Bazley,3,65,66,0:06:39,0:05:21,0:00:28,276,UTA,shot,,,,,,,,,,Donovan Mitchell,0,,,missed,,jump shot,23,115,199,13.5,24.900000000000002,MISS Mitchell 23' Pullup Jump Shot
22100276,2021-22 Regular Season,2021-11-24,Mike Conley,Bojan Bogdanovic,Rudy Gobert,Donovan Mitchell,Royce O'Neale,Jeremiah Robinson-Earl,Luguentz Dort,Josh Giddey,Aaron Wiggins,Darius Bazley,3,65,66,0:06:35,0:05:25,0:00:04,277,OKC,rebound,,,,,,,,,,Josh Giddey,,,,,,rebound defensive,,,,,,Giddey REBOUND (Off:0 Def:5)
22100276,2021-22 Regular Season,2021-11-24,Mike Conley,Bojan Bogdanovic,Rudy Gobert,Donovan Mitchell,Royce O'Neale,Jeremiah Robinson-Earl,Luguentz Dort,Josh Giddey,Aaron Wiggins,Darius Bazley,3,65,66,0:06:27,0:05:33,0:00:08,278,OKC,shot,,,,,,,,,,Josh Giddey,0,,,missed,,jump shot,17,40,164,29.0,72.6,MISS Giddey 17' Step Back Jump Shot
22100276,2021-22 Regular Season,2021-11-24,Mike Conley,Bojan Bogdanovic,Rudy Gobert,Donovan Mitchell,Royce O'Neale,Jeremiah Robinson-Earl,Luguentz Dort,Josh Giddey,Aaron Wiggins,Darius Bazley,3,65,66,0:06:24,0:05:36,0:00:03,279,UTA,rebound,,,,,,,,,,Bojan Bogdanovic,,,,,,rebound defensive,,,,,,Bogdanovic REBOUND (Off:0 Def:5)
22100276,2021-22 Regular Season,2021-11-24,Mike Conley,Bojan Bogdanovic,Rudy Gobert,Donovan Mitchell,Royce O'Neale,Jeremiah Robinson-Earl,Luguentz Dort,Josh Giddey,Aaron Wiggins,Darius Bazley,3,67,66,0:06:16,0:05:44,0:00:08,280,UTA,shot,Bojan Bogdanovic,,,,,,,,,Rudy Gobert,2,,,made,,dunk,1,-1,11,25.1,6.1,Gobert 1' Dunk (8 PTS) (Bogdanovic 1 AST)
22100276,2021-22 Regular Season,2021-11-24,Mike Conley,Bojan Bogdanovic,Rudy Gobert,Donovan Mitchell,Royce O'Neale,Jeremiah Robinson-Earl,Luguentz Dort,Josh Giddey,Aaron Wiggins,Darius Bazley,3,67,69,0:05:50,0:06:10,0:00:26,281,OKC,shot,,,,,,,,,,Luguentz Dort,3,,,made,,3pt pullup jump shot,25,13,251,26.3,63.9,Dort 25' 3PT Pullup Jump Shot (23 PTS)
22100276,2021-22 Regular Season,2021-11-24,Mike Conley,Bojan Bogdanovic,Rudy Gobert,Donovan Mitchell,Royce O'Neale,Jeremiah Robinson-Earl,Luguentz Dort,Josh Giddey,Aaron Wiggins,Darius Bazley,3,67,69,0:05:37,0:06:23,0:00:13,282,OKC,foul,,,,,,,,Mike Conley,,Aaron Wiggins,,,p.foul,,,personal,,,,,,Wiggins P.FOUL (P3.T2) (M.Kogut)
22100276,2021-22 Regular Season,2021-11-24,Mike Conley,Bojan Bogdanovic,Rudy Gobert,Donovan Mitchell,Royce O'Neale,Derrick Favors,Luguentz Dort,Josh Giddey,Aaron Wiggins,Darius Bazley,3,67,69,0:05:37,0:06:23,0:00:00,283,OKC,substitution,,,,,Derrick Favors,Jeremiah Robinson-Earl,,,,Jeremiah Robinson-Earl,,,,,,sub,,,,,,SUB: Favors FOR Robinson-Earl
22100276,2021-22 Regular Season,2021-11-24,Eric Paschall,Bojan Bogdanovic,Rudy Gobert,Donovan Mitchell,Royce O'Neale,Derrick Favors,Luguentz Dort,Josh Giddey,Aaron Wiggins,Darius Bazley,3,67,69,0:05:37,0:06:23,0:00:00,284,UTA,substitution,,,,,Eric Paschall,Mike Conley,,,,Mike Conley,,,,,,sub,,,,,,SUB: Paschall FOR Conley
22100276,2021-22 Regular Season,2021-11-24,Eric Paschall,Bojan Bogdanovic,Joe Ingles,Donovan Mitchell,Royce O'Neale,Derrick Favors,Luguentz Dort,Josh Giddey,Aaron Wiggins,Darius Bazley,3,67,69,0:05:37,0:06:23,0:00:00,285,UTA,substitution,,,,,Joe Ingles,Rudy Gobert,,,,Rudy Gobert,,,,,,sub,,,,,,SUB: Ingles FOR Gobert
22100276,2021-22 Regular Season,2021-11-24,Eric Paschall,Bojan Bogdanovic,Joe Ingles,Donovan Mitchell,Royce O'Neale,Derrick Favors,Luguentz Dort,Josh Giddey,Aaron Wiggins,Darius Bazley,3,70,69,0:05:24,0:06:36,0:00:13,286,UTA,shot,Donovan Mitchell,,,,,,,,,Bojan Bogdanovic,3,,,made,,3pt jump shot,26,156,209,9.399999999999999,25.900000000000002,Bogdanovic 26' 3PT Jump Shot (17 PTS) (Mitchell 5 AST)
22100276,2021-22 Regular Season,2021-11-24,Eric Paschall,Bojan Bogdanovic,Joe Ingles,Donovan Mitchell,Royce O'Neale,Derrick Favors,Luguentz Dort,Josh Giddey,Aaron Wiggins,Darius Bazley,3,70,71,0:05:13,0:06:47,0:00:11,287,OKC,shot,,,,,,,,,,Josh Giddey,2,,,made,,driving reverse layup,2,5,14,25.5,87.6,Giddey 1' Driving Reverse Layup (11 PTS)
22100276,2021-22 Regular Season,2021-11-24,Eric Paschall,Bojan Bogdanovic,Joe Ingles,Donovan Mitchell,Royce O'Neale,Derrick Favors,Luguentz Dort,Josh Giddey,Aaron Wiggins,Darius Bazley,3,70,71,0:04:52,0:07:08,0:00:21,288,UTA,turnover,,,,,,,,,,Donovan Mitchell,,,bad pass,,Darius Bazley,bad pass,,,,,,Bazley STEAL (1 STL): Mitchell Bad Pass Turnover (P1.T6)
22100276,2021-22 Regular Season,2021-11-24,Eric Paschall,Bojan Bogdanovic,Joe Ingles,Donovan Mitchell,Royce O'Neale,Derrick Favors,Luguentz Dort,Josh Giddey,Aaron Wiggins,Darius Bazley,3,70,71,0:04:48,0:07:12,0:00:04,289,UTA,foul,,,,,,,,Aaron Wiggins,,Eric Paschall,,,s.foul,,,shooting,,,,,,Paschall S.FOUL (P2.T2) (M.Kogut)
22100276,2021-22 Regular Season,2021-11-24,Eric Paschall,Bojan Bogdanovic,Joe Ingles,Donovan Mitchell,Royce O'Neale,Derrick Favors,Luguentz Dort,Josh Giddey,Aaron Wiggins,Darius Bazley,3,70,71,0:04:48,0:07:12,0:00:00,290,OKC,free throw,,,,,,,1,,2,Aaron Wiggins,0,,,missed,,free throw 1/2,,,,,,MISS Wiggins Free Throw 1 of 2
22100276,2021-22 Regular Season,2021-11-24,Eric Paschall,Bojan Bogdanovic,Joe Ingles,Donovan Mitchell,Royce O'Neale,Derrick Favors,Luguentz Dort,Josh Giddey,Aaron Wiggins,Darius Bazley,3,70,71,0:04:48,0:07:12,0:00:00,291,OKC,rebound,,,,,,,,,,,,,,,,team rebound,,,,,,THUNDER Rebound
22100276,2021-22 Regular Season,2021-11-24,Eric Paschall,Bojan Bogdanovic,Joe Ingles,Donovan Mitchell,Royce O'Neale,Derrick Favors,Luguentz Dort,Josh Giddey,Aaron Wiggins,Darius Bazley,3,70,72,0:04:48,0:07:12,0:00:00,292,OKC,free throw,,,,,,,2,,2,Aaron Wiggins,1,,,made,,free throw 2/2,,,,,,Wiggins Free Throw 2 of 2 (1 PTS)
22100276,2021-22 Regular Season,2021-11-24,Eric Paschall,Bojan Bogdanovic,Joe Ingles,Donovan Mitchell,Royce O'Neale,Derrick Favors,Luguentz Dort,Josh Giddey,Aaron Wiggins,Darius Bazley,3,70,72,0:04:32,0:07:28,0:00:16,293,UTA,shot,,,,,,,,,,Eric Paschall,0,,,missed,,3pt jump shot,23,-229,-20,47.900000000000006,3.0,MISS Paschall 3PT Jump Shot
22100276,2021-22 Regular Season,2021-11-24,Eric Paschall,Bojan Bogdanovic,Joe Ingles,Donovan Mitchell,Royce O'Neale,Derrick Favors,Luguentz Dort,Josh Giddey,Aaron Wiggins,Darius Bazley,3,70,72,0:04:27,0:07:33,0:00:05,294,OKC,rebound,,,,,,,,,,Josh Giddey,,,,,,rebound defensive,,,,,,Giddey REBOUND (Off:0 Def:6)
22100276,2021-22 Regular Season,2021-11-24,Eric Paschall,Bojan Bogdanovic,Joe Ingles,Donovan Mitchell,Royce O'Neale,Derrick Favors,Luguentz Dort,Josh Giddey,Aaron Wiggins,Darius Bazley,3,70,72,0:04:13,0:07:47,0:00:14,295,OKC,turnover,,,,,,,,,,Josh Giddey,,,bad pass,,Joe Ingles,bad pass,,,,,,Giddey Bad Pass Turnover (P5.T10): Ingles STEAL (1 STL)
22100276,2021-22 Regular Season,2021-11-24,Eric Paschall,Bojan Bogdanovic,Joe Ingles,Donovan Mitchell,Royce O'Neale,Derrick Favors,Luguentz Dort,Josh Giddey,Aaron Wiggins,Darius Bazley,3,72,72,0:04:08,0:07:52,0:00:05,296,UTA,shot,Joe Ingles,,,,,,,,,Bojan Bogdanovic,2,,,made,,layup,2,2,17,24.8,6.7,Bogdanovic 2' Running Layup (19 PTS) (Ingles 1 AST)
22100276,2021-22 Regular Season,2021-11-24,Eric Paschall,Bojan Bogdanovic,Joe Ingles,Donovan Mitchell,Royce O'Neale,Derrick Favors,Luguentz Dort,Josh Giddey,Aaron Wiggins,Darius Bazley,3,72,74,0:03:52,0:08:08,0:00:16,297,OKC,shot,,,,,,,,,,Luguentz Dort,2,,,made,,layup,2,17,10,26.7,88.0,Dort 2' Driving Finger Roll Layup (25 PTS)
22100276,2021-22 Regular Season,2021-11-24,Eric Paschall,Bojan Bogdanovic,Joe Ingles,Donovan Mitchell,Royce O'Neale,Derrick Favors,Luguentz Dort,Josh Giddey,Aaron Wiggins,Darius Bazley,3,72,74,0:03:50,0:08:10,0:00:02,298,UTA,timeout,,,,,,,,,,,,,,,,timeout: regular,,,,,,Jazz Timeout: Regular (Reg.3 Short 0)
22100276,2021-22 Regular Season,2021-11-24,Eric Paschall,Bojan Bogdanovic,Joe Ingles,Donovan Mitchell,Royce O'Neale,Derrick Favors,Luguentz Dort,Theo Maledon,Aaron Wiggins,Darius Bazley,3,72,74,0:03:50,0:08:10,0:00:00,299,OKC,substitution,,,,,Theo Maledon,Josh Giddey,,,,Josh Giddey,,,,,,sub,,,,,,SUB: Maledon FOR Giddey
22100276,2021-22 Regular Season,2021-11-24,Eric Paschall,Bojan Bogdanovic,Joe Ingles,Donovan Mitchell,Royce O'Neale,Derrick Favors,Luguentz Dort,Theo Maledon,Ty Jerome,Darius Bazley,3,72,74,0:03:50,0:08:10,0:00:00,300,OKC,substitution,,,,,Ty Jerome,Aaron Wiggins,,,,Aaron Wiggins,,,,,,sub,,,,,,SUB: Jerome FOR Wiggins
22100276,2021-22 Regular Season,2021-11-24,Eric Paschall,Bojan Bogdanovic,Joe Ingles,Donovan Mitchell,Jordan Clarkson,Derrick Favors,Luguentz Dort,Theo Maledon,Ty Jerome,Darius Bazley,3,72,74,0:03:50,0:08:10,0:00:00,301,UTA,substitution,,,,,Jordan Clarkson,Royce O'Neale,,,,Royce O'Neale,,,,,,sub,,,,,,SUB: Clarkson FOR O'Neale
22100276,2021-22 Regular Season,2021-11-24,Eric Paschall,Rudy Gobert,Joe Ingles,Donovan Mitchell,Jordan Clarkson,Derrick Favors,Luguentz Dort,Theo Maledon,Ty Jerome,Darius Bazley,3,72,74,0:03:50,0:08:10,0:00:00,302,UTA,substitution,,,,,Rudy Gobert,Bojan Bogdanovic,,,,Bojan Bogdanovic,,,,,,sub,,,,,,SUB: Gobert FOR Bogdanovic
22100276,2021-22 Regular Season,2021-11-24,Rudy Gay,Rudy Gobert,Joe Ingles,Donovan Mitchell,Jordan Clarkson,Derrick Favors,Luguentz Dort,Theo Maledon,Ty Jerome,Darius Bazley,3,72,74,0:03:50,0:08:10,0:00:00,303,UTA,substitution,,,,,Rudy Gay,Eric Paschall,,,,Eric Paschall,,,,,,sub,,,,,,SUB: Gay FOR Paschall
22100276,2021-22 Regular Season,2021-11-24,Rudy Gay,Rudy Gobert,Joe Ingles,Donovan Mitchell,Jordan Clarkson,Derrick Favors,Luguentz Dort,Theo Maledon,Ty Jerome,Darius Bazley,3,72,74,0:03:50,0:08:10,0:00:00,304,UTA,violation,,,,,,,,,,,,,,,,delay of game,,,,,,Jazz Violation: Delay of game Violation
22100276,2021-22 Regular Season,2021-11-24,Rudy Gay,Rudy Gobert,Joe Ingles,Donovan Mitchell,Jordan Clarkson,Derrick Favors,Luguentz Dort,Theo Maledon,Ty Jerome,Darius Bazley,3,72,74,0:03:32,0:08:28,0:00:18,305,UTA,shot,,,,,,,,,,Rudy Gay,0,,,missed,,3pt jump shot,26,-188,176,43.8,22.6,MISS Gay 26' 3PT Jump Shot
22100276,2021-22 Regular Season,2021-11-24,Rudy Gay,Rudy Gobert,Joe Ingles,Donovan Mitchell,Jordan Clarkson,Derrick Favors,Luguentz Dort,Theo Maledon,Ty Jerome,Darius Bazley,3,72,74,0:03:28,0:08:32,0:00:04,306,OKC,rebound,,,,,,,,,,Derrick Favors,,,,,,rebound defensive,,,,,,Favors REBOUND (Off:0 Def:3)
22100276,2021-22 Regular Season,2021-11-24,Rudy Gay,Rudy Gobert,Joe Ingles,Donovan Mitchell,Jordan Clarkson,Derrick Favors,Luguentz Dort,Theo Maledon,Ty Jerome,Darius Bazley,3,72,74,0:03:20,0:08:40,0:00:08,307,OKC,shot,,,,Rudy Gobert,,,,,,Derrick Favors,0,,,missed,,jump shot,11,47,104,29.7,78.6,MISS Favors 11' Jump Shot: Gobert BLOCK (5 BLK)
22100276,2021-22 Regular Season,2021-11-24,Rudy Gay,Rudy Gobert,Joe Ingles,Donovan Mitchell,Jordan Clarkson,Derrick Favors,Luguentz Dort,Theo Maledon,Ty Jerome,Darius Bazley,3,72,74,0:03:18,0:08:42,0:00:02,308,UTA,rebound,,,,,,,,,,Jordan Clarkson,,,,,,rebound defensive,,,,,,Clarkson REBOUND (Off:0 Def:3)
22100276,2021-22 Regular Season,2021-11-24,Rudy Gay,Rudy Gobert,Joe Ingles,Donovan Mitchell,Jordan Clarkson,Derrick Favors,Luguentz Dort,Theo Maledon,Ty Jerome,Darius Bazley,3,74,74,0:03:09,0:08:51,0:00:09,309,UTA,shot,,,,,,,,,,Jordan Clarkson,2,,,made,,jump shot,13,-127,5,37.7,5.5,Clarkson 13' Pullup Jump Shot (13 PTS)
22100276,2021-22 Regular Season,2021-11-24,Rudy Gay,Rudy Gobert,Joe Ingles,Donovan Mitchell,Jordan Clarkson,Derrick Favors,Luguentz Dort,Theo Maledon,Ty Jerome,Darius Bazley,3,74,74,0:02:47,0:09:13,0:00:22,310,OKC,shot,,,,,,,,,,Derrick Favors,0,,,missed,,3pt jump shot,24,235,14,48.5,87.6,MISS Favors 24' 3PT Jump Shot
22100276,2021-22 Regular Season,2021-11-24,Rudy Gay,Rudy Gobert,Joe Ingles,Donovan Mitchell,Jordan Clarkson,Derrick Favors,Luguentz Dort,Theo Maledon,Ty Jerome,Darius Bazley,3,74,74,0:02:46,0:09:14,0:00:01,311,UTA,rebound,,,,,,,,,,Rudy Gay,,,,,,rebound defensive,,,,,,Gay REBOUND (Off:0 Def:3)
22100276,2021-22 Regular Season,2021-11-24,Rudy Gay,Rudy Gobert,Joe Ingles,Donovan Mitchell,Jordan Clarkson,Derrick Favors,Luguentz Dort,Theo Maledon,Ty Jerome,Darius Bazley,3,76,74,0:02:37,0:09:23,0:00:09,312,UTA,shot,Jordan Clarkson,,,,,,,,,Rudy Gobert,2,,,made,,dunk,2,0,18,25.0,6.8,Gobert 2' Alley Oop Dunk (10 PTS) (Clarkson 3 AST)
22100276,2021-22 Regular Season,2021-11-24,Rudy Gay,Rudy Gobert,Joe Ingles,Donovan Mitchell,Jordan Clarkson,Derrick Favors,Luguentz Dort,Theo Maledon,Ty Jerome,Darius Bazley,3,76,74,0:02:24,0:09:36,0:00:13,313,OKC,shot,,,,,,,,,,Luguentz Dort,0,,,missed,,3pt jump shot,26,173,199,42.3,69.1,MISS Dort 26' 3PT Jump Shot
22100276,2021-22 Regular Season,2021-11-24,Rudy Gay,Rudy Gobert,Joe Ingles,Donovan Mitchell,Jordan Clarkson,Derrick Favors,Luguentz Dort,Theo Maledon,Ty Jerome,Darius Bazley,3,76,74,0:02:21,0:09:39,0:00:03,314,UTA,rebound,,,,,,,,,,Rudy Gobert,,,,,,rebound defensive,,,,,,Gobert REBOUND (Off:1 Def:11)
22100276,2021-22 Regular Season,2021-11-24,Rudy Gay,Rudy Gobert,Joe Ingles,Donovan Mitchell,Jordan Clarkson,Derrick Favors,Luguentz Dort,Theo Maledon,Ty Jerome,Darius Bazley,3,76,74,0:02:14,0:09:46,0:00:07,315,UTA,shot,,,,Ty Jerome,,,,,,Rudy Gobert,0,,,missed,,layup,6,-37,52,28.7,10.2,Jerome BLOCK (1 BLK): MISS Gobert 6' Layup
22100276,2021-22 Regular Season,2021-11-24,Rudy Gay,Rudy Gobert,Joe Ingles,Donovan Mitchell,Jordan Clarkson,Derrick Favors,Luguentz Dort,Theo Maledon,Ty Jerome,Darius Bazley,3,76,74,0:02:14,0:09:46,0:00:00,316,UTA,rebound,,,,,,,,,,,,,,,,rebound offensive,,,,,,Jazz Rebound
22100276,2021-22 Regular Season,2021-11-24,Rudy Gay,Rudy Gobert,Joe Ingles,Donovan Mitchell,Jordan Clarkson,Derrick Favors,Luguentz Dort,Theo Maledon,Ty Jerome,Kenrich Williams,3,76,74,0:02:14,0:09:46,0:00:00,317,OKC,substitution,,,,,Kenrich Williams,Darius Bazley,,,,Darius Bazley,,,,,,sub,,,,,,SUB: Williams FOR Bazley
22100276,2021-22 Regular Season,2021-11-24,Rudy Gay,Rudy Gobert,Joe Ingles,Mike Conley,Jordan Clarkson,Derrick Favors,Luguentz Dort,Theo Maledon,Ty Jerome,Kenrich Williams,3,76,74,0:02:14,0:09:46,0:00:00,318,UTA,substitution,,,,,Mike Conley,Donovan Mitchell,,,,Donovan Mitchell,,,,,,sub,,,,,,SUB: Conley FOR Mitchell
22100276,2021-22 Regular Season,2021-11-24,Rudy Gay,Rudy Gobert,Joe Ingles,Mike Conley,Jordan Clarkson,Derrick Favors,Luguentz Dort,Theo Maledon,Ty Jerome,Kenrich Williams,3,76,74,0:02:12,0:09:48,0:00:02,319,UTA,turnover,,,,,,,,,,Jordan Clarkson,,,out of bounds lost ball,,,out of bounds lost ball,,,,,,Clarkson Out of Bounds Lost Ball Turnover (P1.T7)
22100276,2021-22 Regular Season,2021-11-24,Rudy Gay,Rudy Gobert,Joe Ingles,Mike Conley,Jordan Clarkson,Derrick Favors,Aleksej Pokusevski,Theo Maledon,Ty Jerome,Kenrich Williams,3,76,74,0:02:12,0:09:48,0:00:00,320,OKC,substitution,,,,,Aleksej Pokusevski,Luguentz Dort,,,,Luguentz Dort,,,,,,sub,,,,,,SUB: Pokusevski FOR Dort
22100276,2021-22 Regular Season,2021-11-24,Rudy Gay,Rudy Gobert,Joe Ingles,Mike Conley,Jordan Clarkson,Derrick Favors,Aleksej Pokusevski,Theo Maledon,Ty Jerome,Kenrich Williams,3,76,74,0:02:02,0:09:58,0:00:10,321,OKC,turnover,,,,,,,,,,Kenrich Williams,,,bad pass,,Rudy Gobert,bad pass,,,,,,Williams Bad Pass Turnover (P1.T11): Gobert STEAL (1 STL)
22100276,2021-22 Regular Season,2021-11-24,Rudy Gay,Rudy Gobert,Joe Ingles,Mike Conley,Jordan Clarkson,Derrick Favors,Aleksej Pokusevski,Theo Maledon,Ty Jerome,Kenrich Williams,3,76,74,0:02:01,0:09:59,0:00:01,322,UTA,turnover,,,,,,,,,,Rudy Gobert,,,,,Kenrich Williams,lost ball,,,,,,Williams STEAL (2 STL): Gobert Lost Ball Turnover (P1.T8)
22100276,2021-22 Regular Season,2021-11-24,Rudy Gay,Rudy Gobert,Joe Ingles,Mike Conley,Jordan Clarkson,Derrick Favors,Aleksej Pokusevski,Theo Maledon,Ty Jerome,Kenrich Williams,3,76,74,0:01:58,0:10:02,0:00:03,323,OKC,shot,,,,,,,,,,Ty Jerome,0,,,missed,,3pt jump shot,27,159,215,40.9,67.5,MISS Jerome 27' 3PT Jump Shot
22100276,2021-22 Regular Season,2021-11-24,Rudy Gay,Rudy Gobert,Joe Ingles,Mike Conley,Jordan Clarkson,Derrick Favors,Aleksej Pokusevski,Theo Maledon,Ty Jerome,Kenrich Williams,3,76,74,0:01:54,0:10:06,0:00:04,324,UTA,rebound,,,,,,,,,,Rudy Gay,,,,,,rebound defensive,,,,,,Gay REBOUND (Off:0 Def:4)
22100276,2021-22 Regular Season,2021-11-24,Rudy Gay,Rudy Gobert,Joe Ingles,Mike Conley,Jordan Clarkson,Derrick Favors,Aleksej Pokusevski,Theo Maledon,Ty Jerome,Kenrich Williams,3,76,74,0:01:44,0:10:16,0:00:10,325,UTA,shot,,,,,,,,,,Joe Ingles,0,,,missed,,3pt jump shot,24,-234,-20,48.400000000000006,3.0,MISS Ingles 3PT Jump Shot
22100276,2021-22 Regular Season,2021-11-24,Rudy Gay,Rudy Gobert,Joe Ingles,Mike Conley,Jordan Clarkson,Derrick Favors,Aleksej Pokusevski,Theo Maledon,Ty Jerome,Kenrich Williams,3,76,74,0:01:40,0:10:20,0:00:04,326,OKC,rebound,,,,,,,,,,Kenrich Williams,,,,,,rebound defensive,,,,,,Williams REBOUND (Off:0 Def:2)
22100276,2021-22 Regular Season,2021-11-24,Rudy Gay,Rudy Gobert,Joe Ingles,Mike Conley,Jordan Clarkson,Derrick Favors,Aleksej Pokusevski,Theo Maledon,Ty Jerome,Kenrich Williams,3,76,76,0:01:31,0:10:29,0:00:09,327,OKC,shot,,,,,,,,,,Theo Maledon,2,,,made,,driving layup,1,7,3,25.7,88.7,Maledon 1' Driving Layup (6 PTS)
22100276,2021-22 Regular Season,2021-11-24,Rudy Gay,Rudy Gobert,Joe Ingles,Mike Conley,Jordan Clarkson,Derrick Favors,Aleksej Pokusevski,Theo Maledon,Ty Jerome,Kenrich Williams,3,76,76,0:01:13,0:10:47,0:00:18,328,OKC,foul,,,,,,,,Mike Conley,,Aleksej Pokusevski,,,s.foul,,,shooting,,,,,,Pokusevski S.FOUL (P1.T3) (M.Davis)
22100276,2021-22 Regular Season,2021-11-24,Rudy Gay,Rudy Gobert,Joe Ingles,Mike Conley,Jordan Clarkson,Derrick Favors,Aleksej Pokusevski,Theo Maledon,Ty Jerome,Kenrich Williams,3,77,76,0:01:13,0:10:47,0:00:00,329,UTA,free throw,,,,,,,1,,2,Mike Conley,1,,,made,,free throw 1/2,,,,,,Conley Free Throw 1 of 2 (12 PTS)
22100276,2021-22 Regular Season,2021-11-24,Rudy Gay,Rudy Gobert,Joe Ingles,Mike Conley,Jordan Clarkson,Mike Muscala,Aleksej Pokusevski,Theo Maledon,Ty Jerome,Kenrich Williams,3,77,76,0:01:13,0:10:47,0:00:00,330,OKC,substitution,,,,,Mike Muscala,Derrick Favors,,,,Derrick Favors,,,,,,sub,,,,,,SUB: Muscala FOR Favors
22100276,2021-22 Regular Season,2021-11-24,Rudy Gay,Rudy Gobert,Joe Ingles,Mike Conley,Jordan Clarkson,Derrick Favors,Aleksej Pokusevski,Theo Maledon,Ty Jerome,Kenrich Williams,3,78,76,0:01:13,0:10:47,0:00:00,331,UTA,free throw,,,,,,,2,,2,Mike Conley,1,,,made,,free throw 2/2,,,,,,Conley Free Throw 2 of 2 (13 PTS)
22100276,2021-22 Regular Season,2021-11-24,Rudy Gay,Rudy Gobert,Joe Ingles,Mike Conley,Jordan Clarkson,Mike Muscala,Aleksej Pokusevski,Theo Maledon,Ty Jerome,Kenrich Williams,3,78,78,0:00:54,0:11:06,0:00:19,332,OKC,shot,Kenrich Williams,,,,,,,,,Mike Muscala,2,,,made,,layup,3,-25,17,22.5,87.3,Muscala 3' Layup (2 PTS) (Williams 1 AST)
22100276,2021-22 Regular Season,2021-11-24,Rudy Gay,Rudy Gobert,Joe Ingles,Mike Conley,Jordan Clarkson,Mike Muscala,Aleksej Pokusevski,Theo Maledon,Ty Jerome,Kenrich Williams,3,78,78,0:00:42,0:11:18,0:00:12,333,UTA,shot,,,,,,,,,,Joe Ingles,0,,,missed,,3pt pullup jump shot,25,213,133,3.6999999999999993,18.3,MISS Ingles 25' 3PT Pullup Jump Shot
22100276,2021-22 Regular Season,2021-11-24,Rudy Gay,Rudy Gobert,Joe Ingles,Mike Conley,Jordan Clarkson,Mike Muscala,Aleksej Pokusevski,Theo Maledon,Ty Jerome,Kenrich Williams,3,78,78,0:00:40,0:11:20,0:00:02,334,OKC,rebound,,,,,,,,,,Mike Muscala,,,,,,rebound defensive,,,,,,Muscala REBOUND (Off:0 Def:1)
22100276,2021-22 Regular Season,2021-11-24,Rudy Gay,Rudy Gobert,Joe Ingles,Mike Conley,Jordan Clarkson,Mike Muscala,Aleksej Pokusevski,Theo Maledon,Ty Jerome,Kenrich Williams,3,78,78,0:00:33,0:11:27,0:00:07,335,OKC,shot,,,,,,,,,,Theo Maledon,0,,,missed,,3pt step back jump shot,26,29,256,27.9,63.4,MISS Maledon 26' 3PT Step Back Jump Shot
22100276,2021-22 Regular Season,2021-11-24,Rudy Gay,Rudy Gobert,Joe Ingles,Mike Conley,Jordan Clarkson,Mike Muscala,Aleksej Pokusevski,Theo Maledon,Ty Jerome,Kenrich Williams,3,78,78,0:00:32,0:11:28,0:00:01,336,UTA,rebound,,,,,,,,,,,,,,,,rebound defensive,,,,,,Jazz Rebound
22100276,2021-22 Regular Season,2021-11-24,Rudy Gay,Rudy Gobert,Joe Ingles,Mike Conley,Jordan Clarkson,Mike Muscala,Aleksej Pokusevski,Theo Maledon,Ty Jerome,Kenrich Williams,3,81,78,0:00:24,0:11:36,0:00:08,337,UTA,shot,,,,,,,,,,Mike Conley,3,,,made,,3pt pullup jump shot,25,164,190,8.599999999999998,24.0,Conley 25' 3PT Pullup Jump Shot (16 PTS)
22100276,2021-22 Regular Season,2021-11-24,Rudy Gay,Rudy Gobert,Joe Ingles,Mike Conley,Jordan Clarkson,Mike Muscala,Aleksej Pokusevski,Theo Maledon,Ty Jerome,Kenrich Williams,3,81,80,0:00:00,0:12:00,0:00:24,338,OKC,shot,Kenrich Williams,,,,,,,,,Aleksej Pokusevski,2,,,made,,jump shot,6,60,14,31.0,87.6,Pokusevski 6' Jump Shot (4 PTS) (Williams 2 AST)
22100276,2021-22 Regular Season,2021-11-24,Rudy Gay,Rudy Gobert,Joe Ingles,Mike Conley,Jordan Clarkson,Mike Muscala,Aleksej Pokusevski,Theo Maledon,Ty Jerome,Kenrich Williams,3,81,80,0:00:00,0:12:00,0:00:00,339,,,,,,,,,,,,,,,,,,unknown,,,,,,
22100276,2021-22 Regular Season,2021-11-24,Rudy Gay,Rudy Gobert,Joe Ingles,Mike Conley,Jordan Clarkson,Mike Muscala,Aleksej Pokusevski,Theo Maledon,Ty Jerome,Kenrich Williams,3,81,80,0:00:00,0:12:00,0:00:00,340,,end of period,,,,,,,,,,,,,,,,end of period,,,,,,
22100276,2021-22 Regular Season,2021-11-24,Rudy Gay,Jordan Clarkson,Rudy Gobert,Mike Conley,Joe Ingles,Kenrich Williams,Josh Giddey,Mike Muscala,Ty Jerome,Aleksej Pokusevski,4,81,80,0:12:00,0:00:00,0:00:00,341,,start of period,,,,,,,,,,,,,,,,start of period,,,,,,
22100276,2021-22 Regular Season,2021-11-24,Rudy Gay,Jordan Clarkson,Rudy Gobert,Mike Conley,Joe Ingles,Kenrich Williams,Josh Giddey,Mike Muscala,Ty Jerome,Aleksej Pokusevski,4,81,80,0:11:35,0:00:25,0:00:25,342,UTA,turnover,,,,,,,,,,,,,,,,shot clock,,,,,,Jazz Turnover: Shot Clock (T#9)
22100276,2021-22 Regular Season,2021-11-24,Rudy Gay,Jordan Clarkson,Rudy Gobert,Mike Conley,Joe Ingles,Kenrich Williams,Josh Giddey,Mike Muscala,Ty Jerome,Aleksej Pokusevski,4,81,82,0:11:26,0:00:34,0:00:09,343,OKC,shot,Josh Giddey,,,,,,,,,Kenrich Williams,2,,,made,,dunk,0,2,-5,25.2,89.5,Williams 1' Alley Oop Dunk (8 PTS) (Giddey 7 AST)
22100276,2021-22 Regular Season,2021-11-24,Rudy Gay,Jordan Clarkson,Rudy Gobert,Mike Conley,Joe Ingles,Kenrich Williams,Josh Giddey,Mike Muscala,Ty Jerome,Aleksej Pokusevski,4,84,82,0:11:13,0:00:47,0:00:13,344,UTA,shot,Jordan Clarkson,,,,,,,,,Rudy Gay,3,,,made,,3pt jump shot,24,195,142,5.5,19.200000000000003,Gay 24' 3PT Jump Shot (12 PTS) (Clarkson 4 AST)
22100276,2021-22 Regular Season,2021-11-24,Rudy Gay,Jordan Clarkson,Rudy Gobert,Mike Conley,Joe Ingles,Kenrich Williams,Josh Giddey,Mike Muscala,Ty Jerome,Aleksej Pokusevski,4,84,82,0:11:01,0:00:59,0:00:12,345,UTA,violation,,,,,,,,,,Rudy Gay,,,,,,kicked ball,,,,,,Gay Violation:Kicked Ball (M.Kogut)
22100276,2021-22 Regular Season,2021-11-24,Rudy Gay,Jordan Clarkson,Rudy Gobert,Mike Conley,Joe Ingles,Kenrich Williams,Josh Giddey,Mike Muscala,Ty Jerome,Aleksej Pokusevski,4,84,85,0:10:55,0:01:05,0:00:06,346,OKC,shot,Kenrich Williams,,,,,,,,,Mike Muscala,3,,,made,,3pt jump shot,25,-69,242,18.1,64.8,Muscala 25' 3PT Jump Shot (5 PTS) (Williams 3 AST)
22100276,2021-22 Regular Season,2021-11-24,Rudy Gay,Jordan Clarkson,Rudy Gobert,Mike Conley,Joe Ingles,Kenrich Williams,Josh Giddey,Mike Muscala,Ty Jerome,Aleksej Pokusevski,4,84,85,0:10:36,0:01:24,0:00:19,347,UTA,shot,,,,,,,,,,Jordan Clarkson,0,,,missed,,driving layup,2,-16,17,26.6,6.7,MISS Clarkson 2' Driving Layup
22100276,2021-22 Regular Season,2021-11-24,Rudy Gay,Jordan Clarkson,Rudy Gobert,Mike Conley,Joe Ingles,Kenrich Williams,Josh Giddey,Mike Muscala,Ty Jerome,Aleksej Pokusevski,4,84,85,0:10:35,0:01:25,0:00:01,348,UTA,rebound,,,,,,,,,,Rudy Gobert,,,,,,rebound offensive,,,,,,Gobert REBOUND (Off:2 Def:11)
22100276,2021-22 Regular Season,2021-11-24,Rudy Gay,Jordan Clarkson,Rudy Gobert,Mike Conley,Joe Ingles,Kenrich Williams,Josh Giddey,Mike Muscala,Ty Jerome,Aleksej Pokusevski,4,84,85,0:10:35,0:01:25,0:00:00,349,OKC,foul,,,,,,,,Rudy Gobert,,Kenrich Williams,,,p.foul,,,personal,,,,,,Williams P.FOUL (P3.T1) (B.Schwab)
22100276,2021-22 Regular Season,2021-11-24,Rudy Gay,Jordan Clarkson,Rudy Gobert,Mike Conley,Joe Ingles,Kenrich Williams,Josh Giddey,Mike Muscala,Ty Jerome,Aleksej Pokusevski,4,84,85,0:10:21,0:01:39,0:00:14,350,UTA,shot,,,,,,,,,,Mike Conley,0,,,missed,,3pt jump shot,26,164,196,8.599999999999998,24.6,MISS Conley 26' 3PT Jump Shot
22100276,2021-22 Regular Season,2021-11-24,Rudy Gay,Jordan Clarkson,Rudy Gobert,Mike Conley,Joe Ingles,Kenrich Williams,Josh Giddey,Mike Muscala,Ty Jerome,Aleksej Pokusevski,4,84,85,0:10:17,0:01:43,0:00:04,351,OKC,rebound,,,,,,,,,,Ty Jerome,,,,,,rebound defensive,,,,,,Jerome REBOUND (Off:0 Def:1)
22100276,2021-22 Regular Season,2021-11-24,Rudy Gay,Jordan Clarkson,Rudy Gobert,Mike Conley,Joe Ingles,Kenrich Williams,Josh Giddey,Mike Muscala,Ty Jerome,Aleksej Pokusevski,4,84,88,0:10:08,0:01:52,0:00:09,352,OKC,shot,,,,,,,,,,Ty Jerome,3,,,made,,3pt pullup jump shot,26,131,222,38.1,66.8,Jerome 26' 3PT Pullup Jump Shot (6 PTS)
22100276,2021-22 Regular Season,2021-11-24,Rudy Gay,Jordan Clarkson,Rudy Gobert,Mike Conley,Joe Ingles,Kenrich Williams,Josh Giddey,Mike Muscala,Ty Jerome,Aleksej Pokusevski,4,84,88,0:10:00,0:02:00,0:00:08,353,OKC,foul,,,,,,,,Mike Conley,,Ty Jerome,,,p.foul,,,personal,,,,,,Jerome P.FOUL (P1.T2) (B.Schwab)
22100276,2021-22 Regular Season,2021-11-24,Rudy Gay,Jordan Clarkson,Rudy Gobert,Mike Conley,Joe Ingles,Kenrich Williams,Josh Giddey,Mike Muscala,Ty Jerome,Aleksej Pokusevski,4,87,88,0:09:54,0:02:06,0:00:06,354,UTA,shot,Mike Conley,,,,,,,,,Jordan Clarkson,3,,,made,,3pt jump shot,27,-194,193,44.400000000000006,24.3,Clarkson 27' 3PT Jump Shot (16 PTS) (Conley 4 AST)
22100276,2021-22 Regular Season,2021-11-24,Rudy Gay,Jordan Clarkson,Rudy Gobert,Mike Conley,Joe Ingles,Kenrich Williams,Josh Giddey,Mike Muscala,Ty Jerome,Aleksej Pokusevski,4,87,88,0:09:42,0:02:18,0:00:12,355,UTA,foul,,,,,,,,Josh Giddey,,Joe Ingles,,,p.foul,,,personal,,,,,,Ingles P.FOUL (P1.T1) (M.Kogut)
22100276,2021-22 Regular Season,2021-11-24,Rudy Gay,Jordan Clarkson,Rudy Gobert,Mike Conley,Joe Ingles,Kenrich Williams,Josh Giddey,Mike Muscala,Ty Jerome,Aleksej Pokusevski,4,87,88,0:09:34,0:02:26,0:00:08,356,OKC,shot,,,,,,,,,,Josh Giddey,0,,,missed,,3pt jump shot,26,113,237,36.3,65.3,MISS Giddey 26' 3PT Jump Shot
22100276,2021-22 Regular Season,2021-11-24,Rudy Gay,Jordan Clarkson,Rudy Gobert,Mike Conley,Joe Ingles,Kenrich Williams,Josh Giddey,Mike Muscala,Ty Jerome,Aleksej Pokusevski,4,87,88,0:09:28,0:02:32,0:00:06,357,UTA,rebound,,,,,,,,,,Rudy Gay,,,,,,rebound defensive,,,,,,Gay REBOUND (Off:0 Def:5)
22100276,2021-22 Regular Season,2021-11-24,Rudy Gay,Jordan Clarkson,Rudy Gobert,Mike Conley,Joe Ingles,Kenrich Williams,Josh Giddey,Mike Muscala,Ty Jerome,Aleksej Pokusevski,4,90,88,0:09:11,0:02:49,0:00:17,358,UTA,shot,Joe Ingles,,,,,,,,,Rudy Gay,3,,,made,,3pt jump shot,23,-229,-22,47.900000000000006,2.8,Gay 3PT Jump Shot (15 PTS) (Ingles 2 AST)
22100276,2021-22 Regular Season,2021-11-24,Rudy Gay,Jordan Clarkson,Rudy Gobert,Mike Conley,Joe Ingles,Kenrich Williams,Josh Giddey,Mike Muscala,Ty Jerome,Aleksej Pokusevski,4,90,90,0:08:56,0:03:04,0:00:15,359,OKC,shot,Josh Giddey,,,,,,,,,Kenrich Williams,2,,,made,,cutting dunk shot,1,6,9,25.6,88.1,Williams 1' Cutting Dunk Shot (10 PTS) (Giddey 8 AST)
22100276,2021-22 Regular Season,2021-11-24,Rudy Gay,Jordan Clarkson,Rudy Gobert,Mike Conley,Joe Ingles,Kenrich Williams,Josh Giddey,Mike Muscala,Ty Jerome,Aleksej Pokusevski,4,90,90,0:08:40,0:03:20,0:00:16,360,OKC,foul,,,,,,,,Rudy Gay,,Aleksej Pokusevski,,,p.foul,,,personal,,,,,,Pokusevski P.FOUL (P2.T3) (M.Davis)
22100276,2021-22 Regular Season,2021-11-24,Rudy Gay,Jordan Clarkson,Rudy Gobert,Mike Conley,Joe Ingles,Kenrich Williams,Josh Giddey,Luguentz Dort,Ty Jerome,Aleksej Pokusevski,4,90,90,0:08:31,0:03:29,0:00:09,361,OKC,substitution,,,,,Luguentz Dort,Mike Muscala,,,,Mike Muscala,,,,,,sub,,,,,,SUB: Dort FOR Muscala
22100276,2021-22 Regular Season,2021-11-24,Rudy Gay,Jordan Clarkson,Rudy Gobert,Mike Conley,Joe Ingles,Kenrich Williams,Derrick Favors,Luguentz Dort,Ty Jerome,Aleksej Pokusevski,4,90,90,0:08:31,0:03:29,0:00:00,362,OKC,substitution,,,,,Derrick Favors,Josh Giddey,,,,Josh Giddey,,,,,,sub,,,,,,SUB: Favors FOR Giddey
22100276,2021-22 Regular Season,2021-11-24,Rudy Gay,Jordan Clarkson,Rudy Gobert,Donovan Mitchell,Joe Ingles,Kenrich Williams,Derrick Favors,Luguentz Dort,Ty Jerome,Aleksej Pokusevski,4,90,90,0:08:31,0:03:29,0:00:00,363,UTA,substitution,,,,,Donovan Mitchell,Mike Conley,,,,Mike Conley,,,,,,sub,,,,,,SUB: Mitchell FOR Conley
22100276,2021-22 Regular Season,2021-11-24,Rudy Gay,Jordan Clarkson,Eric Paschall,Donovan Mitchell,Joe Ingles,Kenrich Williams,Derrick Favors,Luguentz Dort,Ty Jerome,Aleksej Pokusevski,4,90,90,0:08:31,0:03:29,0:00:00,364,UTA,substitution,,,,,Eric Paschall,Rudy Gobert,,,,Rudy Gobert,,,,,,sub,,,,,,SUB: Paschall FOR Gobert
22100276,2021-22 Regular Season,2021-11-24,Rudy Gay,Jordan Clarkson,Eric Paschall,Donovan Mitchell,Joe Ingles,Kenrich Williams,Derrick Favors,Luguentz Dort,Ty Jerome,Aleksej Pokusevski,4,90,90,0:08:22,0:03:38,0:00:09,365,UTA,shot,,,,,,,,,,Eric Paschall,0,,,missed,,cutting layup shot,3,-25,16,27.5,6.6,MISS Paschall 3' Cutting Layup Shot
22100276,2021-22 Regular Season,2021-11-24,Rudy Gay,Jordan Clarkson,Eric Paschall,Donovan Mitchell,Joe Ingles,Kenrich Williams,Derrick Favors,Luguentz Dort,Ty Jerome,Aleksej Pokusevski,4,90,90,0:08:20,0:03:40,0:00:02,366,OKC,rebound,,,,,,,,,,Derrick Favors,,,,,,rebound defensive,,,,,,Favors REBOUND (Off:0 Def:4)
22100276,2021-22 Regular Season,2021-11-24,Rudy Gay,Jordan Clarkson,Eric Paschall,Donovan Mitchell,Joe Ingles,Kenrich Williams,Derrick Favors,Luguentz Dort,Ty Jerome,Aleksej Pokusevski,4,90,92,0:08:12,0:03:48,0:00:08,367,OKC,shot,Aleksej Pokusevski,,,,,,,,,Kenrich Williams,2,,,made,,driving layup,1,9,-1,25.9,89.1,Williams 1' Driving Layup (12 PTS) (Pokusevski 1 AST)
22100276,2021-22 Regular Season,2021-11-24,Rudy Gay,Jordan Clarkson,Eric Paschall,Donovan Mitchell,Joe Ingles,Kenrich Williams,Derrick Favors,Luguentz Dort,Ty Jerome,Aleksej Pokusevski,4,90,92,0:07:56,0:04:04,0:00:16,368,UTA,shot,,,,,,,,,,Jordan Clarkson,0,,,missed,,3pt pullup jump shot,27,-1,273,25.1,32.3,MISS Clarkson 27' 3PT Pullup Jump Shot
22100276,2021-22 Regular Season,2021-11-24,Rudy Gay,Jordan Clarkson,Eric Paschall,Donovan Mitchell,Joe Ingles,Kenrich Williams,Derrick Favors,Luguentz Dort,Ty Jerome,Aleksej Pokusevski,4,90,92,0:07:53,0:04:07,0:00:03,369,OKC,rebound,,,,,,,,,,Ty Jerome,,,,,,rebound defensive,,,,,,Jerome REBOUND (Off:0 Def:2)
22100276,2021-22 Regular Season,2021-11-24,Rudy Gay,Jordan Clarkson,Eric Paschall,Donovan Mitchell,Joe Ingles,Kenrich Williams,Derrick Favors,Luguentz Dort,Ty Jerome,Aleksej Pokusevski,4,90,92,0:07:35,0:04:25,0:00:18,370,UTA,foul,,,,,,,,Luguentz Dort,,Donovan Mitchell,,,p.foul,,,personal,,,,,,Mitchell P.FOUL (P2.T2) (B.Schwab)
22100276,2021-22 Regular Season,2021-11-24,Royce O'Neale,Jordan Clarkson,Eric Paschall,Donovan Mitchell,Joe Ingles,Kenrich Williams,Derrick Favors,Luguentz Dort,Ty Jerome,Aleksej Pokusevski,4,90,92,0:07:35,0:04:25,0:00:00,371,UTA,substitution,,,,,Royce O'Neale,Rudy Gay,,,,Rudy Gay,,,,,,sub,,,,,,SUB: O'Neale FOR Gay
22100276,2021-22 Regular Season,2021-11-24,Royce O'Neale,Jordan Clarkson,Eric Paschall,Donovan Mitchell,Joe Ingles,Kenrich Williams,Derrick Favors,Luguentz Dort,Ty Jerome,Aleksej Pokusevski,4,90,92,0:07:25,0:04:35,0:00:10,372,OKC,shot,,,,,,,,,,Ty Jerome,0,,,missed,,3pt pullup jump shot,26,-108,240,14.2,65.0,MISS Jerome 26' 3PT Pullup Jump Shot
22100276,2021-22 Regular Season,2021-11-24,Royce O'Neale,Jordan Clarkson,Eric Paschall,Donovan Mitchell,Joe Ingles,Kenrich Williams,Derrick Favors,Luguentz Dort,Ty Jerome,Aleksej Pokusevski,4,90,92,0:07:23,0:04:37,0:00:02,373,UTA,rebound,,,,,,,,,,,,,,,,rebound defensive,,,,,,Jazz Rebound
22100276,2021-22 Regular Season,2021-11-24,Royce O'Neale,Jordan Clarkson,Eric Paschall,Donovan Mitchell,Joe Ingles,Kenrich Williams,Derrick Favors,Luguentz Dort,Ty Jerome,Aleksej Pokusevski,4,93,92,0:07:10,0:04:50,0:00:13,374,UTA,shot,Jordan Clarkson,,,,,,,,,Royce O'Neale,3,,,made,,3pt jump shot,24,-237,-10,48.7,4.0,O'Neale 24' 3PT Jump Shot (5 PTS) (Clarkson 5 AST)
22100276,2021-22 Regular Season,2021-11-24,Royce O'Neale,Jordan Clarkson,Eric Paschall,Donovan Mitchell,Joe Ingles,Kenrich Williams,Derrick Favors,Luguentz Dort,Ty Jerome,Aleksej Pokusevski,4,93,92,0:07:08,0:04:52,0:00:02,375,OKC,timeout,,,,,,,,,,,,,,,,timeout: regular,,,,,,THUNDER Timeout: Regular (Full 5 Short 0)
22100276,2021-22 Regular Season,2021-11-24,Royce O'Neale,Jordan Clarkson,Rudy Gobert,Donovan Mitchell,Joe Ingles,Kenrich Williams,Derrick Favors,Luguentz Dort,Ty Jerome,Aleksej Pokusevski,4,93,92,0:07:08,0:04:52,0:00:00,376,UTA,substitution,,,,,Rudy Gobert,Eric Paschall,,,,Eric Paschall,,,,,,sub,,,,,,SUB: Gobert FOR Paschall
22100276,2021-22 Regular Season,2021-11-24,Royce O'Neale,Jordan Clarkson,Rudy Gobert,Donovan Mitchell,Bojan Bogdanovic,Kenrich Williams,Derrick Favors,Luguentz Dort,Ty Jerome,Aleksej Pokusevski,4,93,92,0:07:08,0:04:52,0:00:00,377,UTA,substitution,,,,,Bojan Bogdanovic,Joe Ingles,,,,Joe Ingles,,,,,,sub,,,,,,SUB: Bogdanovic FOR Ingles
22100276,2021-22 Regular Season,2021-11-24,Royce O'Neale,Jordan Clarkson,Rudy Gobert,Donovan Mitchell,Bojan Bogdanovic,Kenrich Williams,Derrick Favors,Luguentz Dort,Ty Jerome,Aleksej Pokusevski,4,93,92,0:06:48,0:05:12,0:00:20,378,OKC,shot,,,,,,,,,,Ty Jerome,0,,,missed,,3pt pullup jump shot,26,170,198,42.0,69.2,MISS Jerome 26' 3PT Pullup Jump Shot
22100276,2021-22 Regular Season,2021-11-24,Royce O'Neale,Jordan Clarkson,Rudy Gobert,Donovan Mitchell,Bojan Bogdanovic,Kenrich Williams,Derrick Favors,Luguentz Dort,Ty Jerome,Aleksej Pokusevski,4,93,92,0:06:44,0:05:16,0:00:04,379,OKC,rebound,,,,,,,,,,Aleksej Pokusevski,,,,,,rebound offensive,,,,,,Pokusevski REBOUND (Off:1 Def:0)
22100276,2021-22 Regular Season,2021-11-24,Royce O'Neale,Jordan Clarkson,Rudy Gobert,Donovan Mitchell,Bojan Bogdanovic,Kenrich Williams,Derrick Favors,Luguentz Dort,Ty Jerome,Aleksej Pokusevski,4,93,92,0:06:34,0:05:26,0:00:10,380,OKC,shot,,,,,,,,,,Aleksej Pokusevski,0,,,missed,,3pt step back jump shot,23,-232,22,1.7999999999999972,86.8,MISS Pokusevski 3PT Step Back Jump Shot
22100276,2021-22 Regular Season,2021-11-24,Royce O'Neale,Jordan Clarkson,Rudy Gobert,Donovan Mitchell,Bojan Bogdanovic,Kenrich Williams,Derrick Favors,Luguentz Dort,Ty Jerome,Aleksej Pokusevski,4,93,92,0:06:33,0:05:27,0:00:01,381,UTA,rebound,,,,,,,,,,Donovan Mitchell,,,,,,rebound defensive,,,,,,Mitchell REBOUND (Off:0 Def:2)
22100276,2021-22 Regular Season,2021-11-24,Royce O'Neale,Jordan Clarkson,Rudy Gobert,Donovan Mitchell,Bojan Bogdanovic,Kenrich Williams,Derrick Favors,Luguentz Dort,Ty Jerome,Aleksej Pokusevski,4,93,92,0:06:28,0:05:32,0:00:05,382,UTA,shot,,,,,,,,,,Donovan Mitchell,0,,,missed,,3pt running pull-up jump shot,26,-114,239,36.4,28.900000000000002,MISS Mitchell 26' 3PT Running Pull-Up Jump Shot
22100276,2021-22 Regular Season,2021-11-24,Royce O'Neale,Jordan Clarkson,Rudy Gobert,Donovan Mitchell,Bojan Bogdanovic,Kenrich Williams,Derrick Favors,Luguentz Dort,Ty Jerome,Aleksej Pokusevski,4,93,92,0:06:25,0:05:35,0:00:03,383,UTA,rebound,,,,,,,,,,Rudy Gobert,,,,,,rebound offensive,,,,,,Gobert REBOUND (Off:3 Def:11)
22100276,2021-22 Regular Season,2021-11-24,Royce O'Neale,Jordan Clarkson,Rudy Gobert,Donovan Mitchell,Bojan Bogdanovic,Kenrich Williams,Derrick Favors,Luguentz Dort,Ty Jerome,Aleksej Pokusevski,4,93,92,0:06:24,0:05:36,0:00:01,384,UTA,turnover,,,,,,,,,,Rudy Gobert,,,bad pass,,Kenrich Williams,bad pass,,,,,,Williams STEAL (3 STL): Gobert Bad Pass Turnover (P2.T10)
22100276,2021-22 Regular Season,2021-11-24,Royce O'Neale,Jordan Clarkson,Rudy Gobert,Donovan Mitchell,Bojan Bogdanovic,Kenrich Williams,Derrick Favors,Luguentz Dort,Ty Jerome,Aleksej Pokusevski,4,93,92,0:06:12,0:05:48,0:00:12,385,UTA,foul,,,,,,,,Ty Jerome,,Royce O'Neale,,,s.foul,,,shooting,,,,,,O'Neale S.FOUL (P3.T3) (M.Kogut)
22100276,2021-22 Regular Season,2021-11-24,Royce O'Neale,Jordan Clarkson,Rudy Gobert,Donovan Mitchell,Bojan Bogdanovic,Kenrich Williams,Derrick Favors,Luguentz Dort,Ty Jerome,Aleksej Pokusevski,4,93,93,0:06:12,0:05:48,0:00:00,386,OKC,free throw,,,,,,,1,,2,Ty Jerome,1,,,made,,free throw 1/2,,,,,,Jerome Free Throw 1 of 2 (7 PTS)
22100276,2021-22 Regular Season,2021-11-24,Royce O'Neale,Jordan Clarkson,Rudy Gobert,Donovan Mitchell,Bojan Bogdanovic,Kenrich Williams,Josh Giddey,Luguentz Dort,Ty Jerome,Aleksej Pokusevski,4,93,93,0:06:12,0:05:48,0:00:00,387,OKC,substitution,,,,,Josh Giddey,Derrick Favors,,,,Derrick Favors,,,,,,sub,,,,,,SUB: Giddey FOR Favors
22100276,2021-22 Regular Season,2021-11-24,Royce O'Neale,Jordan Clarkson,Rudy Gobert,Donovan Mitchell,Bojan Bogdanovic,Kenrich Williams,Josh Giddey,Luguentz Dort,Ty Jerome,Darius Bazley,4,93,93,0:06:12,0:05:48,0:00:00,388,OKC,substitution,,,,,Darius Bazley,Aleksej Pokusevski,,,,Aleksej Pokusevski,,,,,,sub,,,,,,SUB: Bazley FOR Pokusevski
22100276,2021-22 Regular Season,2021-11-24,Royce O'Neale,Jordan Clarkson,Rudy Gobert,Donovan Mitchell,Bojan Bogdanovic,Jeremiah Robinson-Earl,Josh Giddey,Luguentz Dort,Ty Jerome,Darius Bazley,4,93,93,0:06:12,0:05:48,0:00:00,389,OKC,substitution,,,,,Jeremiah Robinson-Earl,Kenrich Williams,,,,Kenrich Williams,,,,,,sub,,,,,,SUB: Robinson-Earl FOR Williams
22100276,2021-22 Regular Season,2021-11-24,Royce O'Neale,Jordan Clarkson,Rudy Gobert,Donovan Mitchell,Bojan Bogdanovic,Kenrich Williams,Derrick Favors,Luguentz Dort,Ty Jerome,Aleksej Pokusevski,4,93,94,0:06:12,0:05:48,0:00:00,390,OKC,free throw,,,,,,,2,,2,Ty Jerome,1,,,made,,free throw 2/2,,,,,,Jerome Free Throw 2 of 2 (8 PTS)
22100276,2021-22 Regular Season,2021-11-24,Royce O'Neale,Jordan Clarkson,Rudy Gobert,Donovan Mitchell,Bojan Bogdanovic,Jeremiah Robinson-Earl,Josh Giddey,Luguentz Dort,Ty Jerome,Darius Bazley,4,95,94,0:05:53,0:06:07,0:00:19,391,UTA,shot,,,,,,,,,,Jordan Clarkson,2,,,made,,layup,2,6,22,24.4,7.2,Clarkson 2' Driving Finger Roll Layup (18 PTS)
22100276,2021-22 Regular Season,2021-11-24,Royce O'Neale,Jordan Clarkson,Rudy Gobert,Donovan Mitchell,Bojan Bogdanovic,Jeremiah Robinson-Earl,Josh Giddey,Luguentz Dort,Ty Jerome,Darius Bazley,4,95,94,0:05:29,0:06:31,0:00:24,392,OKC,shot,,,,,,,,,,Luguentz Dort,0,,,missed,,jump shot,14,-66,125,18.4,76.5,MISS Dort 14' Step Back Jump Shot
22100276,2021-22 Regular Season,2021-11-24,Royce O'Neale,Jordan Clarkson,Rudy Gobert,Donovan Mitchell,Bojan Bogdanovic,Jeremiah Robinson-Earl,Josh Giddey,Luguentz Dort,Ty Jerome,Darius Bazley,4,95,94,0:05:27,0:06:33,0:00:02,393,UTA,rebound,,,,,,,,,,Rudy Gobert,,,,,,rebound defensive,,,,,,Gobert REBOUND (Off:3 Def:12)
22100276,2021-22 Regular Season,2021-11-24,Royce O'Neale,Jordan Clarkson,Rudy Gobert,Donovan Mitchell,Bojan Bogdanovic,Jeremiah Robinson-Earl,Josh Giddey,Luguentz Dort,Ty Jerome,Darius Bazley,4,97,94,0:05:14,0:06:46,0:00:13,394,UTA,shot,,,,,,,,,,Jordan Clarkson,2,,,made,,floating jump shot,5,10,46,24.0,9.600000000000001,Clarkson 5' Floating Jump Shot (20 PTS)
22100276,2021-22 Regular Season,2021-11-24,Royce O'Neale,Jordan Clarkson,Rudy Gobert,Donovan Mitchell,Bojan Bogdanovic,Jeremiah Robinson-Earl,Josh Giddey,Luguentz Dort,Ty Jerome,Darius Bazley,4,97,94,0:04:59,0:07:01,0:00:15,395,OKC,turnover,,,,,,,,,,Josh Giddey,,,bad pass,,Rudy Gobert,bad pass,,,,,,Giddey Bad Pass Turnover (P6.T12): Gobert STEAL (2 STL)
22100276,2021-22 Regular Season,2021-11-24,Royce O'Neale,Jordan Clarkson,Rudy Gobert,Donovan Mitchell,Bojan Bogdanovic,Jeremiah Robinson-Earl,Josh Giddey,Luguentz Dort,Ty Jerome,Darius Bazley,4,99,94,0:04:57,0:07:03,0:00:02,396,UTA,shot,,,,,,,,,,Rudy Gobert,2,,,made,,dunk,1,-4,10,25.4,6.0,Gobert 1' Running Dunk (12 PTS)
22100276,2021-22 Regular Season,2021-11-24,Royce O'Neale,Jordan Clarkson,Rudy Gobert,Donovan Mitchell,Bojan Bogdanovic,Jeremiah Robinson-Earl,Josh Giddey,Luguentz Dort,Ty Jerome,Darius Bazley,4,99,94,0:04:57,0:07:03,0:00:00,397,OKC,timeout,,,,,,,,,,,,,,,,timeout: regular,,,,,,THUNDER Timeout: Regular (Full 6 Short 0)
22100276,2021-22 Regular Season,2021-11-24,Royce O'Neale,Jordan Clarkson,Rudy Gobert,Donovan Mitchell,Bojan Bogdanovic,Jeremiah Robinson-Earl,Josh Giddey,Luguentz Dort,Aaron Wiggins,Darius Bazley,4,99,94,0:04:57,0:07:03,0:00:00,398,OKC,substitution,,,,,Aaron Wiggins,Ty Jerome,,,,Ty Jerome,,,,,,sub,,,,,,SUB: Wiggins FOR Jerome
22100276,2021-22 Regular Season,2021-11-24,Royce O'Neale,Jordan Clarkson,Rudy Gobert,Donovan Mitchell,Bojan Bogdanovic,Jeremiah Robinson-Earl,Josh Giddey,Luguentz Dort,Aaron Wiggins,Darius Bazley,4,99,94,0:04:37,0:07:23,0:00:20,399,UTA,foul,,,,,,,,Luguentz Dort,,Jordan Clarkson,,,s.foul,,,shooting,,,,,,Clarkson S.FOUL (P3.T4) (B.Schwab)
22100276,2021-22 Regular Season,2021-11-24,Royce O'Neale,Jordan Clarkson,Rudy Gobert,Donovan Mitchell,Bojan Bogdanovic,Jeremiah Robinson-Earl,Josh Giddey,Luguentz Dort,Aaron Wiggins,Darius Bazley,4,99,95,0:04:37,0:07:23,0:00:00,400,OKC,free throw,,,,,,,1,,2,Luguentz Dort,1,,,made,,free throw 1/2,,,,,,Dort Free Throw 1 of 2 (26 PTS)
22100276,2021-22 Regular Season,2021-11-24,Royce O'Neale,Jordan Clarkson,Rudy Gobert,Donovan Mitchell,Bojan Bogdanovic,Jeremiah Robinson-Earl,Josh Giddey,Luguentz Dort,Aaron Wiggins,Darius Bazley,4,99,96,0:04:37,0:07:23,0:00:00,401,OKC,free throw,,,,,,,2,,2,Luguentz Dort,1,,,made,,free throw 2/2,,,,,,Dort Free Throw 2 of 2 (27 PTS)
22100276,2021-22 Regular Season,2021-11-24,Royce O'Neale,Jordan Clarkson,Rudy Gobert,Donovan Mitchell,Bojan Bogdanovic,Jeremiah Robinson-Earl,Josh Giddey,Luguentz Dort,Aaron Wiggins,Darius Bazley,4,99,96,0:04:19,0:07:41,0:00:18,402,OKC,foul,,,,,,,,Royce O'Neale,,Josh Giddey,,,p.foul,,,personal,,,,,,Giddey P.FOUL (P2.T4) (M.Kogut)
22100276,2021-22 Regular Season,2021-11-24,Royce O'Neale,Mike Conley,Rudy Gobert,Donovan Mitchell,Bojan Bogdanovic,Jeremiah Robinson-Earl,Josh Giddey,Luguentz Dort,Aaron Wiggins,Darius Bazley,4,99,96,0:04:19,0:07:41,0:00:00,403,UTA,substitution,,,,,Mike Conley,Jordan Clarkson,,,,Jordan Clarkson,,,,,,sub,,,,,,SUB: Conley FOR Clarkson
22100276,2021-22 Regular Season,2021-11-24,Royce O'Neale,Mike Conley,Rudy Gobert,Donovan Mitchell,Bojan Bogdanovic,Jeremiah Robinson-Earl,Josh Giddey,Luguentz Dort,Aaron Wiggins,Darius Bazley,4,99,96,0:04:08,0:07:52,0:00:11,404,UTA,shot,,,,,,,,,,Royce O'Neale,0,,,missed,,3pt jump shot,30,-167,252,41.7,30.200000000000003,MISS O'Neale 30' 3PT Jump Shot
22100276,2021-22 Regular Season,2021-11-24,Royce O'Neale,Mike Conley,Rudy Gobert,Donovan Mitchell,Bojan Bogdanovic,Jeremiah Robinson-Earl,Josh Giddey,Luguentz Dort,Aaron Wiggins,Darius Bazley,4,99,96,0:04:05,0:07:55,0:00:03,405,OKC,rebound,,,,,,,,,,Aaron Wiggins,,,,,,rebound defensive,,,,,,Wiggins REBOUND (Off:0 Def:1)
22100276,2021-22 Regular Season,2021-11-24,Royce O'Neale,Mike Conley,Rudy Gobert,Donovan Mitchell,Bojan Bogdanovic,Jeremiah Robinson-Earl,Josh Giddey,Luguentz Dort,Aaron Wiggins,Darius Bazley,4,99,96,0:03:54,0:08:06,0:00:11,406,OKC,shot,,,,,,,,,,Luguentz Dort,0,,,missed,,3pt pullup jump shot,26,134,227,38.4,66.3,MISS Dort 26' 3PT Pullup Jump Shot
22100276,2021-22 Regular Season,2021-11-24,Royce O'Neale,Mike Conley,Rudy Gobert,Donovan Mitchell,Bojan Bogdanovic,Jeremiah Robinson-Earl,Josh Giddey,Luguentz Dort,Aaron Wiggins,Darius Bazley,4,99,96,0:03:51,0:08:09,0:00:03,407,OKC,rebound,,,,,,,,,,Aaron Wiggins,,,,,,rebound offensive,,,,,,Wiggins REBOUND (Off:1 Def:1)
22100276,2021-22 Regular Season,2021-11-24,Royce O'Neale,Mike Conley,Rudy Gobert,Donovan Mitchell,Bojan Bogdanovic,Jeremiah Robinson-Earl,Josh Giddey,Luguentz Dort,Aaron Wiggins,Darius Bazley,4,99,96,0:03:45,0:08:15,0:00:06,408,OKC,shot,,,,,,,,,,Luguentz Dort,0,,,missed,,3pt jump shot,26,96,240,34.6,65.0,MISS Dort 26' 3PT Jump Shot
22100276,2021-22 Regular Season,2021-11-24,Royce O'Neale,Mike Conley,Rudy Gobert,Donovan Mitchell,Bojan Bogdanovic,Jeremiah Robinson-Earl,Josh Giddey,Luguentz Dort,Aaron Wiggins,Darius Bazley,4,99,96,0:03:41,0:08:19,0:00:04,409,UTA,rebound,,,,,,,,,,Royce O'Neale,,,,,,rebound defensive,,,,,,O'Neale REBOUND (Off:0 Def:5)
22100276,2021-22 Regular Season,2021-11-24,Royce O'Neale,Mike Conley,Rudy Gobert,Donovan Mitchell,Bojan Bogdanovic,Jeremiah Robinson-Earl,Josh Giddey,Luguentz Dort,Aaron Wiggins,Darius Bazley,4,99,96,0:03:32,0:08:28,0:00:09,410,UTA,shot,,,,,,,,,,Royce O'Neale,0,,,missed,,cutting layup shot,3,23,18,22.7,6.8,MISS O'Neale 3' Cutting Layup Shot
22100276,2021-22 Regular Season,2021-11-24,Royce O'Neale,Mike Conley,Rudy Gobert,Donovan Mitchell,Bojan Bogdanovic,Jeremiah Robinson-Earl,Josh Giddey,Luguentz Dort,Aaron Wiggins,Darius Bazley,4,99,96,0:03:31,0:08:29,0:00:01,411,OKC,rebound,,,,,,,,,,Jeremiah Robinson-Earl,,,,,,rebound defensive,,,,,,Robinson-Earl REBOUND (Off:0 Def:9)
22100276,2021-22 Regular Season,2021-11-24,Royce O'Neale,Mike Conley,Rudy Gobert,Donovan Mitchell,Bojan Bogdanovic,Jeremiah Robinson-Earl,Josh Giddey,Luguentz Dort,Aaron Wiggins,Darius Bazley,4,99,98,0:03:27,0:08:33,0:00:04,412,OKC,shot,,,,,,,,,,Josh Giddey,2,,,made,,layup,0,5,1,25.5,88.9,Giddey 1' Running Layup (13 PTS)
22100276,2021-22 Regular Season,2021-11-24,Royce O'Neale,Mike Conley,Rudy Gobert,Donovan Mitchell,Bojan Bogdanovic,Jeremiah Robinson-Earl,Josh Giddey,Luguentz Dort,Aaron Wiggins,Darius Bazley,4,99,98,0:03:27,0:08:33,0:00:00,413,UTA,timeout,,,,,,,,,,,,,,,,timeout: regular,,,,,,Jazz Timeout: Regular (Reg.4 Short 0)
22100276,2021-22 Regular Season,2021-11-24,Royce O'Neale,Mike Conley,Rudy Gobert,Donovan Mitchell,Bojan Bogdanovic,Jeremiah Robinson-Earl,Josh Giddey,Luguentz Dort,Aaron Wiggins,Darius Bazley,4,99,98,0:03:13,0:08:47,0:00:14,414,OKC,foul,,,,,,,,Rudy Gobert,,Jeremiah Robinson-Earl,,,s.foul,,,shooting,,,,,,Robinson-Earl S.FOUL (P3.PN) (M.Davis)
22100276,2021-22 Regular Season,2021-11-24,Royce O'Neale,Mike Conley,Rudy Gobert,Donovan Mitchell,Bojan Bogdanovic,Jeremiah Robinson-Earl,Josh Giddey,Luguentz Dort,Aaron Wiggins,Darius Bazley,4,100,98,0:03:13,0:08:47,0:00:00,415,UTA,free throw,,,,,,,1,,2,Rudy Gobert,1,,,made,,free throw 1/2,,,,,,Gobert Free Throw 1 of 2 (13 PTS)
22100276,2021-22 Regular Season,2021-11-24,Royce O'Neale,Mike Conley,Rudy Gobert,Donovan Mitchell,Bojan Bogdanovic,Jeremiah Robinson-Earl,Josh Giddey,Luguentz Dort,Aaron Wiggins,Darius Bazley,4,101,98,0:03:13,0:08:47,0:00:00,416,UTA,free throw,,,,,,,2,,2,Rudy Gobert,1,,,made,,free throw 2/2,,,,,,Gobert Free Throw 2 of 2 (14 PTS)
22100276,2021-22 Regular Season,2021-11-24,Royce O'Neale,Mike Conley,Rudy Gobert,Donovan Mitchell,Bojan Bogdanovic,Jeremiah Robinson-Earl,Josh Giddey,Luguentz Dort,Aaron Wiggins,Darius Bazley,4,101,98,0:03:03,0:08:57,0:00:10,417,OKC,shot,,,,,,,,,,Jeremiah Robinson-Earl,0,,,missed,,3pt jump shot,26,-207,157,4.299999999999997,73.3,MISS Robinson-Earl 26' 3PT Jump Shot
22100276,2021-22 Regular Season,2021-11-24,Royce O'Neale,Mike Conley,Rudy Gobert,Donovan Mitchell,Bojan Bogdanovic,Jeremiah Robinson-Earl,Josh Giddey,Luguentz Dort,Aaron Wiggins,Darius Bazley,4,101,98,0:02:59,0:09:01,0:00:04,418,UTA,rebound,,,,,,,,,,Royce O'Neale,,,,,,rebound defensive,,,,,,O'Neale REBOUND (Off:0 Def:6)
22100276,2021-22 Regular Season,2021-11-24,Royce O'Neale,Mike Conley,Rudy Gobert,Donovan Mitchell,Bojan Bogdanovic,Jeremiah Robinson-Earl,Josh Giddey,Luguentz Dort,Aaron Wiggins,Darius Bazley,4,101,98,0:02:51,0:09:09,0:00:08,419,UTA,shot,,,,,,,,,,Mike Conley,0,,,missed,,3pt pullup jump shot,24,-93,227,34.3,27.700000000000003,MISS Conley 25' 3PT Pullup Jump Shot
22100276,2021-22 Regular Season,2021-11-24,Royce O'Neale,Mike Conley,Rudy Gobert,Donovan Mitchell,Bojan Bogdanovic,Jeremiah Robinson-Earl,Josh Giddey,Luguentz Dort,Aaron Wiggins,Darius Bazley,4,101,98,0:02:49,0:09:11,0:00:02,420,OKC,rebound,,,,,,,,,,Darius Bazley,,,,,,rebound defensive,,,,,,Bazley REBOUND (Off:1 Def:7)
22100276,2021-22 Regular Season,2021-11-24,Royce O'Neale,Mike Conley,Rudy Gobert,Donovan Mitchell,Bojan Bogdanovic,Jeremiah Robinson-Earl,Josh Giddey,Luguentz Dort,Aaron Wiggins,Darius Bazley,4,101,101,0:02:35,0:09:25,0:00:14,421,OKC,shot,Darius Bazley,,,,,,,,,Josh Giddey,3,,,made,,3pt jump shot,25,-78,235,17.2,65.5,Giddey 25' 3PT Jump Shot (16 PTS) (Bazley 1 AST)
22100276,2021-22 Regular Season,2021-11-24,Royce O'Neale,Mike Conley,Rudy Gobert,Donovan Mitchell,Bojan Bogdanovic,Jeremiah Robinson-Earl,Josh Giddey,Luguentz Dort,Aaron Wiggins,Darius Bazley,4,103,101,0:02:14,0:09:46,0:00:21,422,UTA,shot,,,,,,,,,,Mike Conley,2,,,made,,driving layup,2,-16,16,26.6,6.6,Conley 2' Driving Layup (18 PTS)
22100276,2021-22 Regular Season,2021-11-24,Royce O'Neale,Mike Conley,Rudy Gobert,Donovan Mitchell,Bojan Bogdanovic,Jeremiah Robinson-Earl,Josh Giddey,Luguentz Dort,Aaron Wiggins,Darius Bazley,4,103,101,0:01:54,0:10:06,0:00:20,423,OKC,shot,,,,,,,,,,Jeremiah Robinson-Earl,0,,,missed,,layup,1,-7,-6,24.3,89.6,MISS Robinson-Earl 1' Layup
22100276,2021-22 Regular Season,2021-11-24,Royce O'Neale,Mike Conley,Rudy Gobert,Donovan Mitchell,Bojan Bogdanovic,Jeremiah Robinson-Earl,Josh Giddey,Luguentz Dort,Aaron Wiggins,Darius Bazley,4,103,101,0:01:53,0:10:07,0:00:01,424,OKC,rebound,,,,,,,,,,Jeremiah Robinson-Earl,,,,,,rebound offensive,,,,,,Robinson-Earl REBOUND (Off:1 Def:9)
22100276,2021-22 Regular Season,2021-11-24,Royce O'Neale,Mike Conley,Rudy Gobert,Donovan Mitchell,Bojan Bogdanovic,Jeremiah Robinson-Earl,Josh Giddey,Luguentz Dort,Aaron Wiggins,Darius Bazley,4,103,101,0:01:46,0:10:14,0:00:07,425,OKC,shot,,,,,,,,,,Luguentz Dort,0,,,missed,,driving layup,4,37,11,28.7,87.9,MISS Dort 4' Driving Layup
22100276,2021-22 Regular Season,2021-11-24,Royce O'Neale,Mike Conley,Rudy Gobert,Donovan Mitchell,Bojan Bogdanovic,Jeremiah Robinson-Earl,Josh Giddey,Luguentz Dort,Aaron Wiggins,Darius Bazley,4,103,101,0:01:44,0:10:16,0:00:02,426,UTA,rebound,,,,,,,,,,Rudy Gobert,,,,,,rebound defensive,,,,,,Gobert REBOUND (Off:3 Def:13)
22100276,2021-22 Regular Season,2021-11-24,Royce O'Neale,Mike Conley,Rudy Gobert,Donovan Mitchell,Bojan Bogdanovic,Jeremiah Robinson-Earl,Josh Giddey,Luguentz Dort,Aaron Wiggins,Darius Bazley,4,103,101,0:01:38,0:10:22,0:00:06,427,UTA,shot,,,,,,,,,,Mike Conley,0,,,missed,,3pt jump shot,23,229,-24,2.099999999999998,2.5999999999999996,MISS Conley 3PT Jump Shot
22100276,2021-22 Regular Season,2021-11-24,Royce O'Neale,Mike Conley,Rudy Gobert,Donovan Mitchell,Bojan Bogdanovic,Jeremiah Robinson-Earl,Josh Giddey,Luguentz Dort,Aaron Wiggins,Darius Bazley,4,103,101,0:01:35,0:10:25,0:00:03,428,OKC,rebound,,,,,,,,,,Aaron Wiggins,,,,,,rebound defensive,,,,,,Wiggins REBOUND (Off:1 Def:2)
22100276,2021-22 Regular Season,2021-11-24,Royce O'Neale,Mike Conley,Rudy Gobert,Donovan Mitchell,Bojan Bogdanovic,Jeremiah Robinson-Earl,Josh Giddey,Luguentz Dort,Aaron Wiggins,Darius Bazley,4,103,101,0:01:19,0:10:41,0:00:16,429,OKC,shot,,,,,,,,,,Josh Giddey,0,,,missed,,jump shot,23,-121,196,12.899999999999999,69.4,MISS Giddey 23' Step Back Jump Shot
22100276,2021-22 Regular Season,2021-11-24,Royce O'Neale,Mike Conley,Rudy Gobert,Donovan Mitchell,Bojan Bogdanovic,Jeremiah Robinson-Earl,Josh Giddey,Luguentz Dort,Aaron Wiggins,Darius Bazley,4,103,101,0:01:15,0:10:45,0:00:04,430,UTA,rebound,,,,,,,,,,Royce O'Neale,,,,,,rebound defensive,,,,,,O'Neale REBOUND (Off:0 Def:7)
22100276,2021-22 Regular Season,2021-11-24,Royce O'Neale,Mike Conley,Rudy Gobert,Donovan Mitchell,Bojan Bogdanovic,Jeremiah Robinson-Earl,Josh Giddey,Luguentz Dort,Aaron Wiggins,Darius Bazley,4,103,101,0:00:58,0:11:02,0:00:17,431,UTA,shot,,,,,,,,,,Donovan Mitchell,0,,,missed,,driving layup,2,-21,8,27.1,5.8,MISS Mitchell 2' Driving Layup
22100276,2021-22 Regular Season,2021-11-24,Royce O'Neale,Mike Conley,Rudy Gobert,Donovan Mitchell,Bojan Bogdanovic,Jeremiah Robinson-Earl,Josh Giddey,Luguentz Dort,Aaron Wiggins,Darius Bazley,4,103,101,0:00:56,0:11:04,0:00:02,432,UTA,rebound,,,,,,,,,,Donovan Mitchell,,,,,,rebound offensive,,,,,,Mitchell REBOUND (Off:1 Def:2)
22100276,2021-22 Regular Season,2021-11-24,Royce O'Neale,Mike Conley,Rudy Gobert,Donovan Mitchell,Bojan Bogdanovic,Jeremiah Robinson-Earl,Josh Giddey,Luguentz Dort,Aaron Wiggins,Darius Bazley,4,105,101,0:00:54,0:11:06,0:00:02,433,UTA,shot,,,,,,,,,,Donovan Mitchell,2,,,made,,layup,1,9,8,24.1,5.8,Mitchell 1' Putback Layup (9 PTS)
22100276,2021-22 Regular Season,2021-11-24,Royce O'Neale,Mike Conley,Rudy Gobert,Donovan Mitchell,Bojan Bogdanovic,Jeremiah Robinson-Earl,Josh Giddey,Luguentz Dort,Aaron Wiggins,Darius Bazley,4,105,101,0:00:40,0:11:20,0:00:14,434,OKC,foul,,,,,,,,Rudy Gobert,,Luguentz Dort,,,offensive charge foul,,,offensive charge,,,,,,Dort Offensive Charge Foul (P2) (M.Davis)
22100276,2021-22 Regular Season,2021-11-24,Royce O'Neale,Mike Conley,Rudy Gobert,Donovan Mitchell,Bojan Bogdanovic,Jeremiah Robinson-Earl,Josh Giddey,Luguentz Dort,Aaron Wiggins,Darius Bazley,4,105,101,0:00:40,0:11:20,0:00:00,435,OKC,turnover,,,,,,,,,,Luguentz Dort,,,offensive foul turnover,,,offensive foul,,,,,,Dort Offensive Foul Turnover (P2.T13)
22100276,2021-22 Regular Season,2021-11-24,Royce O'Neale,Mike Conley,Rudy Gobert,Donovan Mitchell,Bojan Bogdanovic,Jeremiah Robinson-Earl,Josh Giddey,Luguentz Dort,Aaron Wiggins,Darius Bazley,4,105,101,0:00:40,0:11:20,0:00:00,436,OKC,timeout,,,,,,,,,,,,,,,,timeout: regular,,,,,,THUNDER Timeout: Regular (Full 7 Short 0)
22100276,2021-22 Regular Season,2021-11-24,Royce O'Neale,Mike Conley,Rudy Gobert,Donovan Mitchell,Bojan Bogdanovic,Jeremiah Robinson-Earl,Josh Giddey,Luguentz Dort,Aaron Wiggins,Darius Bazley,4,105,101,0:00:40,0:11:20,0:00:00,437,,,,,,,,,,,,,,,,,,unknown,,,,,,
22100276,2021-22 Regular Season,2021-11-24,Royce O'Neale,Mike Conley,Rudy Gobert,Donovan Mitchell,Bojan Bogdanovic,Jeremiah Robinson-Earl,Josh Giddey,Luguentz Dort,Aaron Wiggins,Darius Bazley,4,107,101,0:00:28,0:11:32,0:00:12,438,UTA,shot,,,,,,,,,,Donovan Mitchell,2,,,made,,jump shot,22,112,184,13.799999999999999,23.400000000000002,Mitchell 22' Pullup Jump Shot (11 PTS)
22100276,2021-22 Regular Season,2021-11-24,Royce O'Neale,Mike Conley,Rudy Gobert,Donovan Mitchell,Bojan Bogdanovic,Jeremiah Robinson-Earl,Josh Giddey,Luguentz Dort,Aaron Wiggins,Darius Bazley,4,107,104,0:00:20,0:11:40,0:00:08,439,OKC,shot,Luguentz Dort,,,,,,,,,Josh Giddey,3,,,made,,3pt pullup jump shot,26,-146,209,10.399999999999999,68.1,Giddey 25' 3PT Pullup Jump Shot (19 PTS) (Dort 3 AST)
22100276,2021-22 Regular Season,2021-11-24,Royce O'Neale,Mike Conley,Rudy Gobert,Donovan Mitchell,Bojan Bogdanovic,Jeremiah Robinson-Earl,Josh Giddey,Luguentz Dort,Aaron Wiggins,Darius Bazley,4,109,104,0:00:13,0:11:47,0:00:07,440,UTA,shot,,,,,,,,,,Donovan Mitchell,2,,,made,,layup,2,11,22,23.9,7.2,Mitchell 2' Running Layup (13 PTS)
22100276,2021-22 Regular Season,2021-11-24,Royce O'Neale,Mike Conley,Rudy Gobert,Donovan Mitchell,Bojan Bogdanovic,Jeremiah Robinson-Earl,Josh Giddey,Luguentz Dort,Aaron Wiggins,Darius Bazley,4,109,104,0:00:04,0:11:56,0:00:09,441,OKC,shot,,,,,,,,,,Luguentz Dort,0,,,missed,,3pt jump shot,25,-191,158,5.899999999999999,73.2,MISS Dort 25' 3PT Jump Shot
22100276,2021-22 Regular Season,2021-11-24,Royce O'Neale,Mike Conley,Rudy Gobert,Donovan Mitchell,Bojan Bogdanovic,Jeremiah Robinson-Earl,Josh Giddey,Luguentz Dort,Aaron Wiggins,Darius Bazley,4,109,104,0:00:01,0:11:59,0:00:03,442,UTA,rebound,,,,,,,,,,Rudy Gobert,,,,,,rebound defensive,,,,,,Gobert REBOUND (Off:3 Def:14)
22100276,2021-22 Regular Season,2021-11-24,Royce O'Neale,Mike Conley,Rudy Gobert,Donovan Mitchell,Bojan Bogdanovic,Jeremiah Robinson-Earl,Josh Giddey,Luguentz Dort,Aaron Wiggins,Darius Bazley,4,109,104,0:00:01,0:11:59,0:00:00,443,OKC,foul,,,,,,,,Rudy Gobert,,Josh Giddey,,,personal take foul,,,personal take,,,,,,Giddey Personal Take Foul (P3.PN) (M.Davis)
22100276,2021-22 Regular Season,2021-11-24,Royce O'Neale,Mike Conley,Rudy Gobert,Donovan Mitchell,Bojan Bogdanovic,Jeremiah Robinson-Earl,Josh Giddey,Luguentz Dort,Aaron Wiggins,Darius Bazley,4,110,104,0:00:01,0:11:59,0:00:00,444,UTA,free throw,,,,,,,1,,2,Rudy Gobert,1,,,made,,free throw 1/2,,,,,,Gobert Free Throw 1 of 2 (15 PTS)
22100276,2021-22 Regular Season,2021-11-24,Royce O'Neale,Mike Conley,Rudy Gobert,Donovan Mitchell,Bojan Bogdanovic,Jeremiah Robinson-Earl,Josh Giddey,Luguentz Dort,Aaron Wiggins,Darius Bazley,4,110,104,0:00:01,0:11:59,0:00:00,445,UTA,free throw,,,,,,,2,,2,Rudy Gobert,0,,,missed,,free throw 2/2,,,,,,MISS Gobert Free Throw 2 of 2
22100276,2021-22 Regular Season,2021-11-24,Royce O'Neale,Mike Conley,Rudy Gobert,Donovan Mitchell,Bojan Bogdanovic,Jeremiah Robinson-Earl,Josh Giddey,Luguentz Dort,Aaron Wiggins,Darius Bazley,4,110,104,0:00:01,0:11:59,0:00:00,446,OKC,rebound,,,,,,,,,,Josh Giddey,,,,,,rebound defensive,,,,,,Giddey REBOUND (Off:0 Def:7)
22100276,2021-22 Regular Season,2021-11-24,Royce O'Neale,Mike Conley,Rudy Gobert,Donovan Mitchell,Bojan Bogdanovic,Jeremiah Robinson-Earl,Josh Giddey,Luguentz Dort,Aaron Wiggins,Darius Bazley,4,110,104,0:00:00,0:12:00,0:00:01,447,,end of period,,,,,,,,,,,,,,,,end of period,,,,,,
